010000 0.910
010000 0.903
010000 0.900
010000 0.936
010000 0.903
010000 0.879
010000 0.926
010000 0.906
010000 0.924
010000 0.922
010000 0.894
010000 0.930
010000 0.869
010000 0.926
010000 0.940
010000 0.857
010000 0.907
010000 0.933
010000 0.882
010000 0.836
010000 0.929
010000 0.936
010000 0.922
010000 0.952
010000 0.938
010000 0.915
010000 0.874
010000 0.929
010000 0.890
010000 0.927
010000 0.936
010000 0.937
010000 0.931
010000 0.876
010000 0.922
010000 0.948
010000 0.952
010000 0.928
010000 0.897
010000 0.951
010000 0.938
010000 0.906
010000 0.921
010000 0.947
010000 0.947
010000 0.874
010000 0.936
010000 0.927
010000 0.860
010000 0.937
010000 0.885
010000 0.918
010000 0.948
010000 0.937
010000 0.935
010000 0.938
010000 0.951
010000 0.928
010000 0.907
010000 0.905
010000 0.915
010000 0.947
010000 0.923
010000 0.914
010000 0.888
010000 0.894
010000 0.938
010000 0.906
010000 0.919
010000 0.887
010000 0.890
010000 0.960
010000 0.935
010000 0.932
010000 0.918
010000 0.870
010000 0.907
010000 0.889
010000 0.921
010000 0.926
010000 0.920
010000 0.926
010000 0.912
010000 0.893
010000 0.902
010000 0.925
010000 0.932
010000 0.926
010000 0.927
010000 0.931
010000 0.880
010000 0.906
010000 0.904
010000 0.920
010000 0.910
010000 0.935
010000 0.946
010000 0.918
010000 0.881
010000 0.861
