10000 0.957
10000 0.450
10000 1.000
10000 0.986
10000 0.432
10000 0.992
10000 1.000
10000 0.467
10000 0.994
10000 0.899
10000 0.562
10000 0.554
10000 0.460
10000 1.000
10000 0.433
10000 0.993
10000 0.913
10000 0.479
10000 0.841
10000 0.521
10000 0.968
10000 0.998
10000 0.994
10000 0.428
10000 0.989
10000 0.441
10000 0.724
10000 0.726
10000 0.999
10000 0.434
10000 0.995
10000 1.000
10000 0.485
10000 0.906
10000 0.978
10000 0.997
10000 0.467
10000 0.989
10000 0.513
10000 0.998
10000 0.975
10000 0.992
10000 0.921
10000 0.991
10000 0.553
10000 0.989
10000 0.454
10000 0.517
10000 0.460
10000 0.491
10000 0.628
10000 0.977
10000 0.479
10000 0.946
10000 1.000
10000 0.996
10000 0.968
10000 0.965
10000 0.530
10000 0.997
10000 1.000
10000 0.999
10000 0.436
10000 1.000
10000 0.471
10000 0.967
10000 0.993
10000 0.995
10000 0.460
10000 0.991
10000 0.482
10000 0.589
10000 0.955
10000 0.996
10000 0.947
10000 0.902
10000 0.992
10000 0.997
10000 0.995
10000 0.611
10000 1.000
10000 0.500
10000 0.996
10000 0.486
10000 0.955
10000 0.538
10000 0.970
10000 1.000
10000 0.475
10000 0.974
10000 0.988
10000 1.000
10000 1.000
10000 0.512
10000 0.997
10000 0.980
10000 0.995
10000 0.531
10000 0.998
10000 0.471
10000 0.466
10000 0.514
10000 0.996
10000 0.994
10000 0.445
10000 0.940
10000 0.501
10000 0.503
10000 0.996
10000 0.505
10000 0.490
10000 0.999
10000 0.997
10000 0.572
10000 1.000
10000 0.994
10000 1.000
10000 0.555
10000 0.983
10000 1.000
10000 0.442
10000 0.482
10000 0.442
10000 0.913
10000 0.479
10000 0.445
10000 0.993
10000 1.000
10000 0.505
10000 0.989
10000 1.000
10000 1.000
10000 1.000
10000 0.986
10000 0.985
10000 0.996
10000 0.990
10000 0.422
10000 1.000
10000 0.891
10000 0.976
10000 0.999
10000 0.887
10000 0.458
10000 0.994
10000 0.495
10000 0.451
10000 0.509
10000 0.506
10000 0.562
10000 0.439
10000 0.998
10000 1.000
10000 0.951
10000 0.503
10000 0.705
10000 0.453
10000 1.000
10000 0.950
10000 0.998
10000 0.995
10000 0.629
10000 0.993
10000 1.000
10000 0.850
10000 0.763
10000 0.943
10000 0.928
10000 0.545
10000 0.693
10000 0.435
10000 0.469
10000 0.849
10000 0.633
10000 0.539
10000 0.488
10000 0.990
10000 0.986
10000 0.936
10000 0.980
10000 0.478
10000 1.000
10000 0.442
10000 0.563
10000 0.492
10000 0.492
10000 0.984
10000 1.000
10000 0.495
10000 0.507
10000 0.996
10000 0.989
10000 0.458
10000 1.000
10000 0.985
10000 1.000
10000 0.689
10000 0.493
10000 0.985
10000 0.729
10000 0.949
10000 0.980
10000 0.489
10000 0.414
10000 0.992
10000 0.989
10000 0.586
10000 0.450
10000 0.470
10000 0.989
10000 0.959
10000 0.983
10000 1.000
10000 0.473
10000 0.953
10000 0.452
10000 0.990
10000 0.940
10000 0.497
10000 0.465
10000 0.998
10000 0.982
10000 0.483
10000 0.919
10000 0.489
10000 0.993
10000 0.987
10000 0.554
10000 0.799
10000 0.439
10000 0.979
10000 0.473
10000 0.710
10000 0.543
10000 0.998
10000 0.977
10000 0.955
10000 0.532
10000 0.496
10000 0.432
10000 0.508
10000 0.453
10000 0.535
10000 0.820
10000 0.977
10000 0.951
10000 0.489
10000 1.000
10000 0.983
10000 0.457
10000 0.992
10000 1.000
10000 0.419
10000 0.980
10000 0.999
10000 0.469
10000 0.961
10000 0.953
10000 0.438
10000 0.517
10000 0.994
10000 0.479
10000 1.000
10000 0.532
10000 1.000
10000 1.000
10000 0.469
10000 0.472
10000 1.000
10000 0.989
10000 0.506
10000 0.999
10000 0.925
10000 0.865
10000 0.918
10000 0.996
10000 0.572
10000 0.525
10000 0.989
10000 0.481
10000 0.982
10000 0.480
10000 0.983
10000 0.993
10000 0.911
10000 1.000
10000 0.453
10000 0.640
10000 0.427
10000 0.469
10000 0.534
10000 0.449
10000 0.964
10000 0.942
10000 0.475
10000 0.431
10000 0.582
10000 0.644
10000 0.991
10000 0.486
