10000 0.988
10000 0.196
10000 0.949
10000 0.971
10000 0.185
10000 0.223
10000 0.189
10000 0.982
10000 0.233
10000 0.185
10000 0.158
10000 0.183
10000 0.177
10000 0.179
10000 0.720
10000 1.000
10000 0.953
10000 0.192
10000 0.195
10000 0.190
10000 0.947
10000 0.971
10000 0.997
10000 0.228
10000 0.197
10000 0.175
10000 0.192
10000 0.986
10000 1.000
10000 0.187
10000 0.917
10000 0.177
10000 0.185
10000 0.174
10000 0.164
10000 0.157
10000 0.167
10000 0.958
10000 0.838
10000 0.199
10000 0.998
10000 0.227
10000 0.982
10000 0.169
10000 0.188
10000 0.157
10000 0.998
10000 0.208
10000 0.982
10000 0.179
10000 0.177
10000 0.169
10000 0.161
10000 0.995
10000 0.976
10000 0.997
10000 1.000
10000 0.192
10000 0.205
10000 0.188
10000 0.990
10000 0.999
10000 0.182
10000 1.000
10000 0.296
10000 0.990
10000 0.180
10000 0.181
10000 0.183
10000 0.180
10000 0.175
10000 0.160
10000 0.195
10000 0.985
10000 0.805
10000 0.948
10000 0.980
10000 0.229
10000 0.188
10000 0.194
10000 1.000
10000 0.854
10000 0.189
10000 0.173
10000 0.177
10000 0.174
10000 0.983
10000 0.168
10000 0.184
10000 0.174
10000 0.179
10000 0.207
10000 0.970
10000 0.200
10000 0.177
10000 0.731
10000 0.991
10000 0.997
10000 0.992
10000 0.193
10000 0.197
10000 0.194
10000 1.000
10000 0.174
10000 0.199
10000 0.188
10000 0.174
10000 0.195
10000 0.803
10000 0.176
10000 0.846
10000 0.985
10000 0.976
10000 0.857
10000 0.169
10000 0.996
10000 0.179
10000 0.163
10000 0.210
10000 0.192
10000 0.212
10000 0.195
10000 0.190
10000 0.182
10000 0.233
10000 0.211
10000 0.194
10000 0.972
10000 0.180
10000 0.989
10000 0.221
10000 0.974
10000 0.178
10000 1.000
10000 0.998
10000 1.000
10000 0.204
10000 0.187
10000 0.224
10000 0.972
10000 0.162
10000 0.994
10000 0.979
10000 0.183
10000 0.929
10000 1.000
10000 0.180
10000 0.186
10000 0.207
10000 0.204
10000 0.216
10000 0.947
10000 0.202
10000 1.000
10000 0.994
10000 0.766
10000 0.173
10000 0.198
10000 0.196
10000 0.191
10000 0.205
10000 0.995
10000 0.157
10000 1.000
10000 0.153
10000 1.000
10000 0.834
10000 0.173
10000 0.185
10000 0.898
10000 0.177
10000 1.000
10000 0.191
10000 0.164
10000 0.181
10000 0.204
10000 0.780
10000 0.186
10000 0.238
10000 0.225
10000 0.985
10000 0.913
10000 0.953
10000 0.192
10000 0.602
10000 0.900
10000 0.998
10000 0.995
10000 0.190
10000 0.196
10000 0.221
10000 0.944
10000 0.172
10000 0.185
10000 0.214
10000 0.376
10000 0.195
10000 1.000
10000 0.194
10000 0.187
10000 0.991
10000 0.182
10000 0.871
10000 0.189
10000 0.202
10000 1.000
10000 0.173
10000 0.994
10000 0.185
10000 0.166
10000 0.149
10000 0.187
10000 0.172
10000 0.180
10000 0.188
10000 0.186
10000 0.185
10000 0.187
10000 0.209
10000 0.177
10000 0.990
10000 0.189
10000 0.990
10000 0.187
10000 0.708
10000 0.200
10000 0.175
10000 0.156
10000 0.998
10000 0.165
10000 0.163
10000 0.183
10000 0.197
10000 0.147
10000 0.963
10000 0.189
10000 0.199
10000 0.930
10000 0.205
10000 0.944
10000 0.265
10000 0.166
10000 1.000
10000 0.577
10000 0.188
10000 0.201
10000 0.218
10000 0.162
10000 0.981
10000 0.997
10000 0.201
10000 0.174
10000 0.177
10000 0.453
10000 0.943
10000 0.194
10000 0.928
10000 0.182
10000 0.166
10000 0.242
10000 0.207
10000 0.173
10000 0.999
10000 0.977
10000 1.000
10000 0.957
10000 0.229
10000 0.648
10000 1.000
10000 0.187
10000 0.953
10000 0.184
10000 0.207
10000 0.183
10000 0.983
10000 0.197
10000 0.828
10000 0.994
10000 0.179
10000 0.178
10000 0.169
10000 0.193
10000 0.185
10000 0.171
10000 0.173
10000 0.180
10000 0.188
10000 0.177
10000 0.158
10000 0.196
10000 0.166
10000 0.980
10000 1.000
10000 0.953
10000 0.235
10000 0.881
10000 0.907
10000 0.982
10000 0.994
10000 0.963
10000 0.197
10000 0.152
10000 0.195
10000 0.213
10000 0.998
10000 0.167
10000 0.658
10000 0.863
10000 0.197
10000 0.589
10000 0.978
10000 0.821
10000 0.992
10000 0.183
10000 0.995
10000 0.195
10000 0.190
10000 0.193
10000 0.990
10000 0.203
10000 0.168
10000 0.170
10000 0.969
10000 0.999
10000 0.175
10000 0.194
10000 0.183
10000 0.996
10000 0.214
10000 0.162
10000 0.201
10000 1.000
10000 0.169
10000 0.181
10000 0.181
10000 0.183
10000 0.186
10000 1.000
10000 0.227
10000 0.199
10000 1.000
10000 0.194
10000 0.158
10000 0.192
10000 0.171
10000 1.000
10000 0.163
10000 0.205
10000 0.855
10000 0.643
10000 0.926
10000 0.179
10000 0.183
10000 1.000
10000 0.151
10000 0.157
10000 0.192
10000 0.218
10000 0.216
10000 0.974
10000 0.191
10000 0.186
10000 0.242
10000 0.227
10000 1.000
10000 0.194
10000 0.998
10000 0.729
10000 0.989
10000 0.172
10000 0.150
10000 0.174
10000 0.151
10000 0.997
10000 0.166
10000 0.998
10000 0.950
10000 1.000
10000 0.839
10000 1.000
10000 0.208
10000 0.974
10000 0.883
10000 0.988
10000 0.935
10000 0.193
10000 0.190
10000 0.175
10000 0.165
10000 1.000
10000 0.957
10000 0.180
10000 0.219
10000 0.920
10000 0.215
10000 0.994
10000 0.990
10000 0.193
10000 0.178
10000 0.209
10000 0.989
10000 0.180
10000 0.210
10000 0.195
10000 0.198
10000 0.219
10000 0.209
10000 0.175
10000 0.222
10000 0.198
10000 0.182
10000 0.152
10000 0.966
10000 1.000
10000 0.166
10000 0.209
10000 0.155
10000 0.158
10000 0.999
10000 0.960
10000 0.238
10000 0.150
10000 0.907
10000 0.207
10000 0.963
10000 0.176
10000 0.207
10000 0.995
10000 0.179
10000 0.211
10000 0.139
10000 0.996
10000 0.997
10000 1.000
10000 0.157
10000 0.899
10000 0.944
10000 0.995
10000 0.780
10000 0.186
10000 0.201
10000 0.997
10000 0.994
10000 0.167
10000 0.193
10000 0.219
10000 0.237
10000 0.178
10000 0.922
10000 0.204
10000 0.225
10000 0.917
10000 1.000
10000 0.201
10000 0.859
10000 0.179
10000 0.720
10000 0.203
10000 0.195
10000 0.888
10000 1.000
10000 0.999
10000 0.860
10000 0.228
10000 0.194
10000 0.175
10000 0.180
10000 0.204
10000 0.958
10000 1.000
10000 0.200
10000 0.213
10000 0.207
10000 0.201
10000 0.919
10000 0.186
10000 0.210
10000 0.997
10000 0.210
10000 0.201
10000 0.977
10000 0.209
10000 0.177
10000 0.207
10000 0.190
10000 0.964
10000 0.156
10000 0.162
10000 0.837
10000 0.186
10000 0.989
10000 0.995
10000 0.201
10000 0.904
10000 0.217
10000 0.151
10000 0.943
10000 0.997
10000 0.958
10000 0.180
