10000 0.958
10000 1.000
10000 1.000
10000 0.584
10000 0.515
10000 0.529
10000 0.671
10000 0.562
10000 0.986
10000 0.990
10000 0.992
10000 0.547
10000 0.974
10000 0.941
10000 0.477
10000 0.568
10000 0.971
10000 0.998
10000 0.812
10000 0.593
10000 0.684
10000 0.854
10000 0.519
10000 0.997
10000 0.474
10000 0.998
10000 0.994
10000 0.718
10000 0.999
10000 0.542
10000 0.996
10000 0.569
10000 0.984
10000 0.657
10000 0.999
10000 0.996
10000 0.532
10000 0.984
10000 0.979
10000 0.946
10000 0.971
10000 0.557
10000 0.513
10000 0.999
10000 0.788
10000 0.595
10000 0.515
10000 0.606
10000 0.486
10000 1.000
10000 0.811
10000 1.000
10000 1.000
10000 0.504
10000 0.995
10000 0.781
10000 0.541
10000 0.660
10000 0.611
10000 0.998
10000 0.542
10000 1.000
10000 0.526
10000 0.579
10000 1.000
10000 0.867
10000 0.993
10000 0.542
10000 1.000
10000 0.538
10000 0.509
10000 0.540
10000 0.900
10000 0.996
10000 0.768
10000 0.529
10000 0.981
10000 0.999
10000 0.463
10000 0.590
10000 1.000
10000 0.894
10000 0.989
10000 0.993
10000 0.979
10000 0.913
10000 0.534
10000 0.551
10000 0.993
10000 1.000
10000 0.983
10000 0.865
10000 0.489
10000 1.000
10000 1.000
10000 0.521
10000 1.000
10000 0.945
10000 0.991
10000 0.555
10000 0.479
10000 0.577
10000 0.997
10000 0.984
10000 0.978
10000 0.546
10000 0.960
10000 0.507
10000 0.511
10000 0.555
10000 0.879
10000 0.998
10000 0.995
10000 0.531
10000 0.996
10000 0.995
10000 0.994
10000 0.984
10000 0.996
10000 0.998
10000 0.914
10000 0.999
10000 0.982
10000 0.956
10000 0.498
10000 0.995
10000 0.999
10000 1.000
10000 1.000
10000 0.827
10000 0.737
10000 0.512
10000 0.911
10000 0.547
10000 0.839
10000 0.997
10000 0.575
10000 0.990
10000 0.996
10000 0.956
10000 0.566
10000 0.526
10000 0.709
10000 0.538
10000 0.516
10000 0.995
10000 0.990
10000 0.996
10000 0.983
10000 0.589
10000 0.970
10000 1.000
10000 1.000
10000 0.997
10000 0.504
10000 0.901
10000 0.994
10000 0.998
10000 0.977
10000 0.999
10000 0.983
10000 0.961
10000 0.910
10000 1.000
10000 0.969
10000 0.623
10000 0.995
10000 0.936
10000 0.955
10000 0.959
10000 0.990
10000 0.997
10000 0.531
10000 0.496
10000 0.997
10000 0.997
10000 0.975
10000 0.992
10000 0.965
10000 0.980
10000 0.515
10000 1.000
10000 0.927
10000 0.995
10000 0.989
10000 0.432
10000 1.000
10000 0.545
10000 0.505
10000 0.559
10000 1.000
10000 0.989
10000 0.490
10000 0.517
10000 0.548
10000 0.515
10000 0.943
10000 0.975
10000 0.997
10000 0.963
10000 0.979
10000 0.489
10000 0.644
10000 0.992
10000 0.999
10000 0.720
10000 0.987
10000 0.572
10000 0.498
10000 1.000
10000 0.984
10000 0.998
10000 1.000
10000 0.480
10000 0.625
10000 0.926
10000 1.000
10000 0.540
10000 0.989
10000 0.643
10000 0.828
10000 0.994
10000 0.917
10000 0.864
10000 0.643
10000 1.000
10000 0.994
10000 0.753
10000 0.785
10000 1.000
10000 0.496
10000 0.519
10000 0.594
10000 0.964
10000 0.998
10000 0.995
10000 0.642
10000 0.851
10000 0.995
10000 1.000
10000 1.000
10000 0.984
10000 0.962
10000 0.948
10000 0.995
10000 0.595
10000 0.992
10000 0.998
10000 0.991
10000 0.536
10000 0.586
10000 0.674
10000 0.599
10000 0.984
10000 0.519
10000 0.527
10000 0.979
10000 0.591
10000 0.567
10000 0.928
10000 0.999
10000 0.568
10000 0.998
10000 0.989
10000 1.000
10000 0.551
10000 0.980
10000 0.511
10000 1.000
10000 0.930
10000 0.848
10000 0.996
10000 0.983
10000 0.989
10000 0.847
10000 0.996
10000 0.585
10000 0.939
10000 0.607
10000 1.000
10000 0.533
10000 0.517
10000 0.528
10000 0.575
10000 1.000
10000 0.534
10000 0.552
10000 0.751
10000 0.820
10000 1.000
10000 0.675
10000 0.991
10000 0.632
10000 0.926
10000 0.677
10000 0.548
10000 0.997
10000 0.497
10000 0.988
10000 0.941
