10000 0.759
10000 1.000
10000 1.000
10000 0.694
10000 0.998
10000 0.960
10000 0.393
10000 0.955
10000 1.000
10000 0.894
10000 0.996
10000 1.000
10000 0.968
10000 0.459
10000 0.393
10000 0.396
10000 1.000
10000 1.000
10000 1.000
10000 0.567
10000 1.000
10000 0.453
10000 1.000
10000 0.403
10000 0.985
10000 1.000
10000 0.720
10000 0.701
10000 1.000
10000 0.399
10000 0.537
10000 0.978
10000 0.464
10000 1.000
10000 0.987
10000 1.000
10000 0.994
10000 0.999
10000 0.448
10000 0.452
10000 0.487
10000 0.466
10000 0.449
10000 1.000
10000 0.821
10000 0.505
10000 0.422
10000 0.423
10000 1.000
10000 0.925
10000 0.929
10000 0.434
10000 0.987
10000 1.000
10000 0.480
10000 0.575
10000 0.443
10000 0.532
10000 1.000
10000 0.413
10000 0.995
10000 1.000
10000 1.000
10000 1.000
10000 1.000
10000 0.385
10000 1.000
10000 0.588
10000 1.000
10000 1.000
10000 0.403
10000 1.000
10000 0.991
10000 0.996
10000 0.899
10000 1.000
10000 0.997
10000 0.424
10000 0.393
10000 0.495
10000 0.442
10000 1.000
10000 0.992
10000 1.000
10000 0.978
10000 0.370
10000 0.462
10000 1.000
10000 0.990
10000 0.437
10000 0.690
10000 0.444
10000 1.000
10000 0.990
10000 0.417
10000 1.000
10000 1.000
10000 0.954
10000 1.000
10000 1.000
10000 0.988
10000 0.426
10000 1.000
10000 0.998
10000 0.988
10000 0.498
10000 0.454
10000 1.000
10000 0.400
10000 0.458
10000 0.973
10000 1.000
10000 0.995
10000 0.442
10000 0.992
10000 1.000
10000 0.462
10000 0.445
10000 1.000
10000 0.994
10000 1.000
10000 0.461
10000 1.000
10000 0.488
10000 1.000
10000 0.997
10000 1.000
10000 0.436
10000 0.478
10000 0.981
10000 0.393
10000 0.994
10000 1.000
10000 0.509
10000 0.440
10000 1.000
10000 0.526
10000 0.994
10000 1.000
10000 0.997
10000 0.889
10000 0.998
10000 0.403
10000 0.897
10000 0.968
10000 0.993
10000 1.000
10000 0.445
10000 0.478
10000 0.452
10000 0.999
10000 1.000
10000 0.454
10000 0.969
10000 0.440
10000 0.486
10000 0.895
10000 0.994
10000 1.000
10000 1.000
10000 0.417
10000 0.949
10000 1.000
10000 0.425
10000 0.522
10000 1.000
10000 1.000
10000 1.000
10000 0.489
10000 0.938
10000 0.419
10000 0.412
10000 1.000
10000 0.652
10000 0.419
10000 0.427
10000 1.000
10000 0.993
10000 0.961
10000 0.479
10000 0.443
10000 1.000
10000 0.425
10000 1.000
10000 0.489
10000 1.000
10000 0.931
10000 0.996
10000 0.405
10000 0.481
10000 0.995
10000 0.994
10000 0.451
10000 0.459
10000 0.409
10000 0.996
10000 0.819
10000 0.995
10000 0.996
10000 1.000
10000 0.495
10000 0.374
10000 0.970
10000 1.000
10000 1.000
10000 0.812
10000 0.807
10000 0.984
10000 1.000
10000 0.987
10000 0.421
10000 0.994
10000 0.394
10000 1.000
10000 0.556
10000 0.462
10000 1.000
10000 1.000
10000 0.424
10000 1.000
10000 0.620
10000 1.000
10000 0.540
10000 0.415
10000 0.409
10000 1.000
10000 1.000
10000 0.997
10000 0.860
10000 0.417
10000 0.437
10000 0.464
10000 0.786
10000 0.636
10000 1.000
10000 0.982
10000 0.925
10000 1.000
10000 1.000
10000 0.447
10000 0.995
10000 0.443
10000 0.480
10000 1.000
10000 0.408
10000 0.487
10000 0.970
10000 1.000
10000 0.402
10000 0.438
10000 0.989
10000 0.669
10000 0.467
10000 0.443
10000 0.419
10000 0.996
10000 1.000
10000 0.993
10000 1.000
10000 0.564
10000 0.395
10000 0.992
10000 0.460
10000 0.963
10000 1.000
10000 0.966
10000 0.405
10000 0.401
10000 0.466
10000 0.520
10000 0.991
10000 1.000
10000 0.992
10000 0.883
10000 0.746
10000 0.973
10000 1.000
10000 0.427
10000 1.000
10000 1.000
10000 0.904
10000 1.000
10000 1.000
10000 0.426
10000 0.896
10000 0.437
10000 0.488
10000 1.000
10000 0.924
10000 0.424
10000 0.951
10000 1.000
10000 0.507
10000 0.618
10000 0.420
10000 1.000
10000 0.458
10000 1.000
10000 0.998
10000 0.634
