10000 0.142
10000 0.166
10000 1.000
10000 0.191
10000 1.000
10000 0.211
10000 0.229
10000 0.175
10000 0.991
10000 1.000
10000 0.199
10000 0.228
10000 0.205
10000 0.202
10000 0.152
10000 0.159
10000 0.979
10000 0.187
10000 0.190
10000 0.993
10000 0.980
10000 0.154
10000 1.000
10000 0.170
10000 0.180
10000 0.960
10000 0.715
10000 0.551
10000 0.159
10000 0.224
10000 1.000
10000 1.000
10000 1.000
10000 0.977
10000 0.968
10000 0.144
10000 1.000
10000 0.974
10000 0.192
10000 1.000
10000 0.987
10000 1.000
10000 1.000
10000 1.000
10000 0.967
10000 1.000
10000 0.169
10000 0.186
10000 0.594
10000 0.223
10000 0.171
10000 0.995
10000 0.209
10000 0.825
10000 0.162
10000 0.995
10000 0.181
10000 0.198
10000 0.940
10000 0.170
10000 0.189
10000 0.921
10000 1.000
10000 0.967
10000 0.157
10000 0.990
10000 0.993
10000 0.972
10000 1.000
10000 0.165
10000 0.209
10000 0.165
10000 1.000
10000 0.995
10000 0.244
10000 0.195
10000 0.187
10000 0.169
10000 0.190
10000 0.159
10000 1.000
10000 0.691
10000 1.000
10000 1.000
10000 0.974
10000 0.188
10000 0.167
10000 0.184
10000 0.225
10000 0.218
10000 0.936
10000 0.188
10000 0.202
10000 0.179
10000 0.862
10000 0.897
10000 0.996
10000 0.192
10000 0.189
10000 0.976
10000 0.173
10000 0.174
10000 1.000
10000 0.210
10000 0.177
10000 1.000
10000 0.186
10000 1.000
10000 0.189
10000 0.152
10000 0.236
10000 1.000
10000 0.324
10000 0.148
10000 0.173
10000 0.184
10000 0.980
10000 0.180
10000 1.000
10000 1.000
10000 1.000
10000 0.930
10000 0.235
10000 1.000
10000 0.973
10000 0.306
10000 0.988
10000 0.195
10000 0.998
10000 0.982
10000 0.912
10000 1.000
10000 0.994
10000 0.531
10000 0.994
10000 0.963
10000 0.984
10000 0.205
10000 0.155
10000 0.400
10000 0.872
10000 0.213
10000 0.673
10000 0.953
10000 0.211
10000 0.909
10000 0.202
10000 0.964
10000 0.211
10000 0.220
10000 0.183
10000 1.000
10000 0.169
10000 0.151
10000 0.157
10000 0.168
10000 0.918
10000 0.188
10000 0.985
10000 0.182
10000 0.267
10000 0.958
10000 1.000
10000 0.168
10000 0.194
10000 0.992
10000 0.993
10000 0.970
10000 0.170
10000 0.997
10000 0.193
10000 0.986
10000 0.159
10000 0.297
10000 1.000
10000 0.150
10000 0.357
10000 0.217
10000 0.170
10000 0.168
10000 0.936
10000 0.907
10000 1.000
10000 0.190
10000 0.203
10000 0.996
10000 0.230
10000 0.189
10000 0.989
10000 1.000
10000 0.162
10000 0.995
10000 0.916
10000 0.855
10000 0.251
10000 0.175
10000 1.000
10000 0.199
10000 0.959
10000 0.932
10000 0.182
10000 0.271
10000 0.157
10000 0.150
10000 1.000
10000 0.985
10000 1.000
10000 1.000
10000 0.998
10000 0.170
10000 0.171
10000 0.999
10000 0.186
10000 1.000
10000 0.178
10000 0.200
10000 0.159
10000 0.994
10000 0.218
10000 1.000
10000 0.188
10000 1.000
10000 1.000
10000 0.302
10000 0.172
10000 0.206
10000 1.000
10000 1.000
10000 0.176
10000 0.999
10000 0.983
10000 0.969
10000 0.159
10000 0.196
10000 0.158
10000 0.147
10000 1.000
10000 0.965
10000 0.771
10000 0.574
10000 1.000
10000 1.000
10000 0.998
10000 1.000
10000 0.989
10000 0.165
10000 1.000
10000 0.145
10000 0.176
10000 0.199
10000 0.186
10000 0.174
10000 0.993
10000 0.978
10000 0.174
10000 0.143
10000 0.165
10000 0.177
10000 0.190
10000 0.185
10000 0.816
10000 0.988
10000 0.995
10000 0.975
10000 0.189
10000 0.205
10000 1.000
10000 0.994
10000 0.756
10000 0.180
10000 0.961
10000 0.174
10000 0.176
10000 1.000
10000 0.998
10000 0.964
10000 0.270
10000 0.239
10000 1.000
10000 1.000
10000 0.191
10000 0.158
10000 0.185
10000 0.991
10000 0.992
10000 0.195
10000 0.211
10000 0.995
10000 1.000
10000 0.161
10000 0.175
10000 0.188
10000 0.190
10000 0.165
10000 0.190
10000 0.179
10000 1.000
10000 0.186
10000 0.197
10000 1.000
10000 0.150
10000 0.188
10000 1.000
10000 0.209
10000 0.233
10000 0.195
10000 0.199
10000 0.159
10000 0.228
10000 0.192
10000 0.205
10000 0.383
10000 0.187
10000 0.178
10000 0.206
10000 0.991
10000 0.199
10000 0.177
10000 0.988
10000 0.177
10000 1.000
10000 0.969
10000 0.161
10000 0.219
10000 0.183
10000 1.000
10000 0.152
10000 0.197
10000 0.199
10000 0.197
10000 0.959
10000 0.165
10000 0.999
10000 0.573
10000 0.164
10000 1.000
10000 0.178
10000 0.199
10000 1.000
10000 0.178
10000 0.207
10000 0.964
10000 0.165
10000 0.221
10000 0.204
10000 0.193
10000 0.997
10000 0.176
10000 0.141
10000 0.989
10000 0.170
10000 0.173
10000 0.986
10000 0.884
10000 1.000
10000 0.206
10000 0.153
10000 0.190
10000 0.185
10000 0.205
10000 0.203
10000 0.163
10000 0.170
10000 1.000
10000 0.177
10000 0.225
10000 0.197
10000 0.163
10000 0.186
10000 0.998
10000 0.210
10000 0.905
10000 0.496
10000 0.169
10000 1.000
10000 0.971
10000 0.166
10000 0.177
10000 0.165
10000 0.902
10000 0.200
10000 1.000
10000 0.776
10000 0.191
10000 0.171
10000 0.992
10000 0.193
10000 0.175
10000 0.175
10000 0.780
10000 1.000
10000 0.992
10000 0.998
10000 0.180
10000 0.209
10000 0.988
10000 0.143
10000 0.215
10000 0.997
10000 0.592
10000 0.998
10000 1.000
10000 0.902
10000 0.184
10000 0.212
10000 0.158
10000 1.000
10000 0.158
10000 0.166
10000 0.182
10000 1.000
10000 0.222
10000 1.000
10000 0.168
10000 1.000
10000 0.216
10000 0.173
10000 1.000
10000 0.580
10000 0.194
10000 0.986
10000 1.000
10000 0.200
10000 0.396
10000 0.997
10000 0.243
10000 0.917
10000 1.000
10000 0.183
10000 1.000
10000 0.163
10000 0.200
10000 1.000
10000 1.000
10000 0.187
10000 0.172
10000 1.000
10000 0.976
10000 0.993
10000 0.947
10000 0.173
10000 0.157
10000 0.225
10000 0.991
10000 0.226
10000 1.000
10000 0.157
10000 1.000
10000 0.963
10000 0.171
10000 0.181
10000 0.182
10000 0.212
10000 0.201
10000 0.178
10000 1.000
10000 0.960
10000 0.181
10000 1.000
10000 0.225
10000 0.211
10000 0.168
10000 0.460
10000 0.652
10000 0.984
10000 0.199
10000 0.193
10000 0.824
10000 0.990
10000 0.866
10000 0.210
10000 0.156
10000 0.236
10000 0.983
10000 0.189
10000 0.210
10000 0.198
10000 1.000
10000 0.164
10000 0.996
10000 0.136
10000 0.973
10000 0.182
10000 0.979
10000 0.974
10000 0.961
10000 0.211
10000 1.000
10000 0.178
10000 0.181
10000 0.181
10000 1.000
10000 0.231
10000 0.210
10000 1.000
10000 0.867
10000 0.182
10000 0.950
10000 0.995
10000 0.182
