10000 0.845
10000 1.000
10000 0.348
10000 0.876
10000 0.983
10000 0.958
10000 0.361
10000 0.353
10000 0.985
10000 0.861
10000 0.330
10000 1.000
10000 0.412
10000 1.000
10000 1.000
10000 0.362
10000 0.372
10000 0.345
10000 0.457
10000 0.939
10000 0.974
10000 0.882
10000 0.350
10000 1.000
10000 0.984
10000 1.000
10000 0.592
10000 0.581
10000 0.994
10000 1.000
10000 1.000
10000 0.980
10000 1.000
10000 0.998
10000 0.414
10000 1.000
10000 0.380
10000 0.992
10000 0.947
10000 0.387
10000 0.875
10000 0.967
10000 0.985
10000 0.341
10000 0.413
10000 0.992
10000 0.988
10000 0.445
10000 0.326
10000 1.000
10000 0.769
10000 0.371
10000 0.968
10000 0.550
10000 0.457
10000 0.474
10000 1.000
10000 0.984
10000 0.381
10000 1.000
10000 0.409
10000 1.000
10000 0.345
10000 0.301
10000 0.771
10000 1.000
10000 0.328
10000 0.432
10000 0.338
10000 1.000
10000 0.384
10000 0.960
10000 0.935
10000 1.000
10000 1.000
10000 0.865
10000 0.363
10000 1.000
10000 0.989
10000 0.847
10000 1.000
10000 0.980
10000 0.992
10000 0.399
10000 0.332
10000 0.864
10000 0.315
10000 1.000
10000 0.356
10000 1.000
10000 1.000
10000 1.000
10000 1.000
10000 0.335
10000 1.000
10000 0.965
10000 1.000
10000 0.364
10000 1.000
10000 1.000
10000 0.347
10000 0.996
10000 0.369
10000 0.403
10000 0.358
10000 0.386
10000 0.458
10000 1.000
10000 1.000
10000 0.435
10000 0.973
10000 1.000
10000 0.370
10000 0.970
10000 0.512
10000 1.000
10000 0.380
10000 0.996
10000 0.995
10000 1.000
10000 0.888
10000 1.000
10000 0.942
10000 0.961
10000 0.379
10000 0.388
10000 0.998
10000 1.000
10000 1.000
10000 0.376
10000 0.998
10000 0.433
10000 1.000
10000 1.000
10000 0.981
10000 0.355
10000 0.914
10000 0.364
10000 1.000
10000 0.451
10000 0.371
10000 1.000
10000 0.486
10000 0.465
10000 1.000
10000 0.427
10000 1.000
10000 0.364
10000 1.000
10000 0.965
10000 0.322
10000 0.355
10000 0.872
10000 0.957
10000 0.995
10000 0.982
10000 1.000
10000 0.363
10000 0.988
10000 0.302
10000 0.994
10000 0.856
10000 0.721
10000 1.000
10000 0.460
10000 0.633
10000 0.342
10000 0.939
10000 0.435
10000 0.701
10000 0.361
10000 0.366
10000 0.666
10000 0.328
10000 0.414
10000 0.995
10000 0.733
10000 0.975
10000 0.483
10000 0.775
10000 0.370
10000 1.000
10000 0.932
10000 1.000
10000 0.361
10000 1.000
10000 0.796
10000 0.368
10000 0.364
10000 0.996
10000 1.000
10000 0.356
10000 0.311
10000 0.402
10000 0.338
10000 0.991
10000 0.844
10000 0.978
10000 0.351
10000 1.000
10000 0.360
10000 0.381
10000 0.992
10000 0.338
10000 0.996
10000 0.875
10000 0.898
10000 0.993
10000 0.993
10000 0.415
10000 0.369
10000 0.985
10000 0.363
10000 0.346
10000 0.966
10000 0.965
10000 0.364
10000 0.327
10000 0.341
10000 1.000
10000 0.336
10000 0.983
10000 0.450
10000 0.866
10000 1.000
10000 1.000
10000 0.353
10000 0.340
10000 0.363
10000 1.000
10000 0.393
10000 1.000
10000 0.868
10000 0.883
10000 0.345
10000 0.983
10000 0.374
10000 0.373
10000 0.990
10000 0.376
10000 0.997
10000 1.000
10000 0.462
10000 0.849
10000 0.977
10000 1.000
10000 0.957
10000 1.000
10000 0.356
10000 0.432
10000 0.394
10000 1.000
10000 1.000
10000 1.000
10000 1.000
10000 0.993
10000 0.324
10000 0.481
10000 0.311
10000 0.965
10000 0.358
10000 0.379
10000 0.737
10000 1.000
10000 1.000
10000 0.964
10000 0.380
10000 0.997
10000 0.340
10000 0.408
10000 1.000
10000 1.000
10000 0.364
10000 0.702
10000 0.609
10000 0.341
10000 0.846
10000 0.474
10000 1.000
10000 1.000
10000 0.937
10000 1.000
10000 0.946
10000 0.404
10000 1.000
10000 1.000
10000 0.370
10000 0.991
10000 0.864
10000 1.000
10000 0.677
10000 1.000
10000 0.884
10000 1.000
10000 0.334
10000 1.000
10000 1.000
10000 0.389
10000 1.000
10000 0.992
