10000 1.000
10000 1.000
10000 0.984
10000 1.000
10000 0.989
10000 1.000
10000 0.995
10000 1.000
10000 1.000
10000 1.000
10000 0.949
10000 1.000
10000 0.875
10000 0.474
10000 1.000
10000 1.000
10000 1.000
10000 1.000
10000 1.000
10000 0.990
10000 0.369
10000 1.000
10000 0.362
10000 1.000
10000 0.432
10000 1.000
10000 1.000
10000 0.347
10000 1.000
10000 0.452
10000 0.504
10000 0.492
10000 0.393
10000 1.000
10000 1.000
10000 1.000
10000 0.458
10000 1.000
10000 0.402
10000 0.945
10000 1.000
10000 0.451
10000 0.403
10000 0.894
10000 0.445
10000 1.000
10000 1.000
10000 0.343
10000 0.635
10000 1.000
10000 0.452
10000 1.000
10000 0.575
10000 1.000
10000 0.840
10000 0.372
10000 1.000
10000 0.939
10000 0.533
10000 1.000
10000 1.000
10000 1.000
10000 1.000
10000 1.000
10000 1.000
10000 1.000
10000 0.499
10000 1.000
10000 0.866
10000 0.400
10000 0.395
10000 0.841
10000 1.000
10000 1.000
10000 1.000
10000 0.444
10000 0.426
10000 1.000
10000 0.969
10000 1.000
10000 1.000
10000 0.411
10000 1.000
10000 0.502
10000 1.000
10000 1.000
10000 1.000
10000 0.850
10000 1.000
10000 0.326
10000 0.404
10000 0.421
10000 1.000
10000 0.327
10000 1.000
10000 0.407
10000 0.416
10000 0.371
10000 0.995
10000 0.426
10000 0.950
10000 1.000
10000 1.000
10000 0.811
10000 1.000
10000 1.000
10000 1.000
10000 0.527
10000 1.000
10000 1.000
10000 1.000
10000 1.000
10000 1.000
10000 0.360
10000 1.000
10000 1.000
10000 0.491
10000 0.379
10000 1.000
10000 1.000
10000 1.000
10000 0.344
10000 0.374
10000 0.923
10000 0.417
10000 1.000
10000 1.000
10000 0.349
10000 0.603
10000 0.416
10000 0.386
10000 1.000
10000 1.000
10000 0.334
10000 1.000
10000 1.000
10000 0.387
10000 1.000
10000 0.691
10000 0.523
10000 1.000
10000 0.987
10000 0.994
10000 1.000
10000 0.485
10000 1.000
10000 0.995
10000 0.907
10000 1.000
10000 1.000
10000 0.397
10000 1.000
10000 0.974
10000 1.000
10000 1.000
10000 0.574
10000 1.000
10000 0.978
10000 1.000
10000 0.385
10000 1.000
10000 0.992
10000 0.891
10000 1.000
10000 0.713
10000 0.336
10000 1.000
10000 0.992
10000 1.000
10000 1.000
10000 1.000
10000 1.000
10000 0.815
10000 0.415
10000 1.000
10000 1.000
10000 0.862
10000 1.000
10000 0.375
10000 1.000
10000 0.949
10000 0.897
10000 1.000
10000 1.000
10000 0.864
10000 1.000
10000 1.000
10000 0.392
10000 1.000
10000 0.473
10000 0.893
10000 1.000
10000 0.817
10000 0.402
10000 1.000
10000 0.550
10000 1.000
10000 0.338
10000 1.000
10000 0.348
10000 0.546
10000 0.383
10000 0.956
10000 1.000
10000 0.593
10000 0.373
10000 1.000
10000 0.372
10000 0.428
10000 1.000
10000 1.000
10000 0.959
10000 1.000
10000 1.000
10000 0.400
10000 1.000
10000 0.341
10000 1.000
10000 1.000
10000 1.000
10000 1.000
10000 0.829
10000 0.389
10000 1.000
10000 0.849
10000 0.940
10000 0.421
10000 1.000
10000 1.000
10000 1.000
10000 1.000
10000 0.352
10000 0.410
10000 1.000
10000 0.981
10000 1.000
10000 1.000
10000 0.616
10000 0.997
10000 0.372
10000 0.796
10000 1.000
10000 1.000
10000 0.665
10000 1.000
10000 1.000
10000 0.935
10000 1.000
10000 1.000
10000 1.000
10000 1.000
10000 0.404
10000 0.988
10000 0.992
10000 0.352
10000 0.571
10000 0.451
10000 1.000
10000 0.832
10000 1.000
10000 1.000
10000 0.976
10000 1.000
10000 0.390
10000 1.000
10000 1.000
10000 0.368
10000 1.000
10000 0.416
10000 0.361
10000 0.393
10000 1.000
10000 0.960
10000 1.000
10000 0.388
10000 0.399
10000 0.546
10000 0.970
10000 0.898
10000 0.377
10000 0.414
10000 1.000
10000 0.992
10000 0.398
10000 0.977
10000 1.000
10000 0.995
10000 1.000
10000 1.000
10000 0.413
10000 1.000
10000 0.382
10000 0.445
10000 1.000
10000 1.000
10000 0.463
10000 0.567
10000 1.000
10000 0.431
10000 0.369
10000 1.000
10000 1.000
10000 0.767
10000 0.377
10000 0.770
10000 0.710
10000 0.434
10000 1.000
10000 0.960
10000 1.000
10000 0.416
10000 0.973
10000 0.993
10000 0.395
10000 0.409
10000 1.000
10000 1.000
10000 0.822
10000 0.369
10000 0.594
10000 1.000
10000 0.521
10000 0.433
10000 1.000
10000 0.434
10000 1.000
10000 1.000
10000 1.000
10000 0.808
10000 1.000
10000 1.000
10000 0.443
10000 0.469
10000 1.000
10000 0.414
10000 0.367
10000 1.000
10000 1.000
10000 1.000
10000 0.386
10000 1.000
10000 0.377
10000 1.000
10000 0.409
10000 0.341
10000 0.456
10000 1.000
10000 0.984
10000 1.000
10000 0.682
10000 0.387
10000 1.000
10000 0.989
10000 1.000
10000 1.000
10000 0.432
10000 1.000
10000 0.985
10000 0.993
10000 0.498
10000 0.978
10000 0.553
10000 1.000
10000 0.391
10000 1.000
10000 0.421
10000 1.000
10000 0.379
10000 0.426
10000 0.373
10000 0.650
10000 1.000
10000 0.424
10000 1.000
10000 1.000
10000 1.000
10000 1.000
10000 0.971
10000 0.995
10000 0.473
10000 1.000
10000 0.455
10000 0.515
10000 1.000
10000 0.884
10000 1.000
10000 0.311
10000 0.444
10000 0.910
10000 0.369
10000 0.958
10000 1.000
10000 0.349
10000 0.485
10000 0.972
10000 0.342
10000 1.000
10000 0.695
10000 0.360
10000 0.397
10000 0.975
10000 1.000
10000 0.363
10000 0.364
10000 1.000
10000 0.553
10000 0.995
10000 1.000
10000 1.000
10000 1.000
10000 1.000
10000 1.000
10000 1.000
10000 0.513
10000 1.000
10000 0.993
10000 1.000
10000 0.868
10000 1.000
10000 0.419
10000 1.000
10000 1.000
10000 1.000
10000 0.902
10000 1.000
10000 0.395
10000 0.389
10000 0.384
10000 0.987
10000 0.513
10000 0.987
10000 0.407
10000 0.384
10000 1.000
10000 0.997
10000 0.569
10000 0.422
10000 1.000
10000 1.000
10000 1.000
10000 1.000
10000 1.000
10000 1.000
10000 1.000
10000 0.390
10000 0.359
10000 1.000
10000 0.368
10000 1.000
10000 1.000
10000 1.000
10000 0.392
10000 1.000
10000 0.377
10000 0.569
10000 1.000
10000 0.901
10000 0.408
10000 1.000
10000 0.387
10000 0.376
10000 1.000
10000 0.425
10000 1.000
10000 0.416
10000 1.000
10000 1.000
10000 1.000
10000 0.466
10000 1.000
10000 1.000
10000 0.391
10000 1.000
10000 0.914
10000 1.000
10000 1.000
10000 0.997
10000 0.353
10000 0.820
10000 1.000
10000 1.000
10000 0.521
10000 0.402
10000 1.000
10000 0.364
10000 0.366
10000 0.329
10000 1.000
10000 0.944
10000 0.376
10000 0.660
10000 1.000
10000 0.380
10000 1.000
10000 1.000
10000 0.427
10000 1.000
10000 1.000
10000 1.000
10000 0.402
