10000 0.178
10000 1.000
10000 0.212
10000 0.222
10000 1.000
10000 0.170
10000 0.237
10000 0.166
10000 0.173
10000 0.188
10000 1.000
10000 0.174
10000 1.000
10000 0.464
10000 1.000
10000 1.000
10000 0.213
10000 0.206
10000 0.199
10000 0.179
10000 0.199
10000 0.243
10000 0.198
10000 0.960
10000 1.000
10000 1.000
10000 0.166
10000 0.195
10000 0.208
10000 0.244
10000 1.000
10000 1.000
10000 0.988
10000 0.196
10000 1.000
10000 1.000
10000 0.175
10000 0.212
10000 1.000
10000 1.000
10000 0.971
10000 0.169
10000 1.000
10000 1.000
10000 0.995
10000 0.209
10000 1.000
10000 0.154
10000 0.914
10000 1.000
10000 1.000
10000 1.000
10000 0.224
10000 0.821
10000 0.234
10000 1.000
10000 0.192
10000 0.192
10000 0.162
10000 0.207
10000 0.193
10000 1.000
10000 1.000
10000 1.000
10000 0.242
10000 0.988
10000 1.000
10000 0.151
10000 0.142
10000 1.000
10000 1.000
10000 0.219
10000 1.000
10000 0.181
10000 0.236
10000 0.199
10000 0.753
10000 0.961
10000 0.941
10000 0.173
10000 0.137
10000 0.729
10000 0.207
10000 1.000
10000 0.178
10000 0.166
10000 1.000
10000 0.109
10000 0.980
10000 0.164
10000 0.228
10000 1.000
10000 1.000
10000 0.216
10000 1.000
10000 0.205
10000 1.000
10000 1.000
10000 0.148
10000 0.235
10000 1.000
10000 1.000
10000 1.000
10000 0.127
10000 1.000
10000 0.168
10000 0.212
10000 0.141
10000 1.000
10000 1.000
10000 0.182
10000 1.000
10000 0.178
10000 0.255
10000 0.187
10000 1.000
10000 0.222
10000 0.266
10000 0.146
10000 0.179
10000 0.141
10000 0.169
10000 0.185
10000 0.760
10000 0.985
10000 0.995
10000 0.182
10000 1.000
10000 0.289
10000 0.180
10000 0.971
10000 0.212
10000 0.994
10000 0.345
10000 0.208
10000 0.222
10000 0.231
10000 1.000
10000 1.000
10000 0.229
10000 0.926
10000 0.157
10000 0.215
10000 1.000
10000 1.000
10000 0.976
10000 0.164
10000 0.156
10000 1.000
10000 0.242
10000 0.172
10000 0.216
10000 1.000
10000 0.160
10000 1.000
10000 1.000
10000 1.000
10000 0.191
10000 0.179
10000 0.196
10000 0.179
10000 0.241
10000 0.163
10000 0.991
10000 0.220
10000 0.162
10000 0.161
10000 0.972
10000 0.236
10000 0.228
10000 0.256
10000 0.217
10000 1.000
10000 0.368
10000 0.166
10000 0.235
10000 0.437
10000 1.000
10000 0.220
10000 0.289
10000 1.000
10000 1.000
10000 1.000
10000 1.000
10000 0.953
10000 1.000
10000 0.211
10000 0.183
10000 1.000
10000 0.216
10000 0.251
10000 0.233
10000 1.000
10000 0.206
10000 0.184
10000 1.000
10000 0.174
10000 0.529
10000 1.000
10000 0.225
10000 1.000
10000 0.456
10000 0.927
10000 0.171
10000 0.152
10000 0.192
10000 1.000
10000 1.000
10000 0.196
10000 1.000
10000 0.227
10000 0.187
10000 1.000
10000 0.239
10000 1.000
10000 0.200
10000 1.000
10000 1.000
10000 0.970
10000 0.131
10000 0.211
10000 1.000
10000 1.000
10000 0.241
10000 0.166
10000 1.000
10000 0.161
10000 0.174
10000 0.199
10000 0.488
10000 0.196
10000 0.209
10000 0.141
10000 0.247
10000 0.296
10000 0.910
10000 1.000
10000 0.183
10000 0.287
10000 0.537
10000 1.000
10000 0.206
10000 1.000
10000 0.215
10000 1.000
10000 1.000
10000 0.206
10000 0.156
10000 0.201
10000 0.171
10000 0.215
10000 1.000
10000 0.173
10000 0.992
10000 1.000
10000 0.990
10000 1.000
10000 0.202
10000 1.000
10000 1.000
10000 0.109
10000 0.221
10000 1.000
10000 0.170
10000 1.000
10000 1.000
10000 0.217
10000 1.000
10000 0.215
10000 1.000
10000 0.909
10000 1.000
10000 0.190
10000 1.000
10000 0.209
10000 0.197
10000 1.000
10000 1.000
10000 0.138
10000 1.000
10000 0.197
10000 0.951
10000 1.000
10000 0.177
10000 1.000
10000 1.000
10000 0.146
10000 0.234
10000 1.000
10000 0.125
10000 0.193
10000 1.000
10000 0.207
10000 0.137
10000 1.000
10000 1.000
10000 1.000
10000 1.000
10000 0.168
10000 0.217
10000 1.000
10000 0.202
10000 0.195
10000 0.212
10000 1.000
10000 1.000
10000 0.163
10000 0.145
10000 1.000
10000 1.000
10000 1.000
10000 0.952
10000 0.172
10000 0.871
10000 0.187
10000 0.198
10000 0.225
10000 0.162
10000 0.163
10000 0.175
10000 0.162
10000 0.193
10000 0.978
10000 1.000
10000 1.000
10000 0.987
10000 0.168
10000 1.000
10000 0.209
10000 0.969
10000 0.185
10000 0.143
10000 0.155
10000 0.381
10000 0.331
10000 0.300
10000 0.245
10000 1.000
10000 0.149
10000 1.000
10000 0.175
10000 0.149
10000 1.000
10000 0.995
10000 0.894
10000 0.937
10000 1.000
10000 1.000
10000 0.765
10000 0.219
10000 0.960
10000 0.214
10000 0.224
10000 1.000
10000 0.175
10000 1.000
10000 0.172
10000 0.190
10000 1.000
10000 1.000
10000 1.000
10000 0.956
10000 0.134
10000 0.180
10000 0.192
10000 1.000
10000 0.162
10000 0.933
10000 1.000
10000 1.000
10000 0.197
10000 0.164
10000 0.478
10000 0.210
10000 1.000
10000 1.000
10000 1.000
10000 0.237
10000 1.000
10000 0.186
10000 1.000
10000 0.245
10000 0.164
10000 0.203
10000 0.177
10000 0.211
10000 1.000
10000 0.191
10000 0.185
10000 0.188
10000 0.172
10000 0.146
10000 0.144
10000 0.186
10000 0.165
10000 1.000
10000 0.280
10000 0.179
10000 0.742
10000 0.216
10000 0.957
10000 0.180
10000 0.163
10000 0.765
10000 1.000
10000 0.157
10000 0.174
10000 1.000
10000 0.927
10000 0.138
10000 1.000
10000 1.000
10000 0.178
10000 0.210
10000 0.183
10000 0.216
10000 0.979
10000 0.205
10000 0.226
10000 0.125
10000 0.962
10000 0.154
10000 1.000
10000 1.000
10000 1.000
10000 0.178
10000 0.216
10000 0.221
10000 1.000
10000 1.000
10000 0.198
10000 1.000
10000 1.000
10000 0.166
10000 0.181
10000 0.989
10000 0.195
10000 1.000
10000 0.221
10000 0.183
10000 0.163
10000 0.996
10000 1.000
10000 0.373
10000 0.166
10000 0.164
10000 0.156
10000 1.000
10000 0.190
10000 0.235
10000 1.000
10000 0.941
10000 0.195
10000 1.000
10000 0.190
10000 0.197
10000 0.988
10000 0.942
10000 0.181
10000 1.000
10000 0.218
10000 1.000
10000 0.638
10000 0.836
10000 1.000
10000 0.196
10000 0.207
10000 0.930
10000 1.000
10000 1.000
10000 0.176
10000 0.184
10000 0.203
10000 1.000
10000 0.989
10000 1.000
10000 0.263
10000 0.212
10000 1.000
10000 0.133
10000 0.175
10000 0.182
10000 0.188
10000 0.168
10000 1.000
10000 1.000
10000 1.000
10000 1.000
10000 1.000
10000 1.000
10000 1.000
10000 0.149
10000 0.231
10000 1.000
10000 0.188
10000 0.865
10000 0.777
10000 0.962
10000 1.000
10000 1.000
