10000 0.920
10000 0.458
10000 0.411
10000 0.978
10000 1.000
10000 0.965
10000 0.403
10000 0.475
10000 1.000
10000 0.499
10000 1.000
10000 1.000
10000 0.984
10000 1.000
10000 0.452
10000 1.000
10000 1.000
10000 0.447
10000 1.000
10000 0.688
10000 1.000
10000 0.453
10000 1.000
10000 0.389
10000 1.000
10000 1.000
10000 1.000
10000 0.552
10000 1.000
10000 0.398
10000 0.463
10000 1.000
10000 1.000
10000 1.000
10000 1.000
10000 0.430
10000 1.000
10000 1.000
10000 0.459
10000 1.000
10000 0.455
10000 0.380
10000 1.000
10000 1.000
10000 0.610
10000 1.000
10000 0.383
10000 0.536
10000 1.000
10000 0.422
10000 1.000
10000 0.765
10000 1.000
10000 0.845
10000 0.489
10000 1.000
10000 0.422
10000 0.971
10000 0.383
10000 1.000
10000 0.454
10000 0.477
10000 0.497
10000 1.000
10000 0.671
10000 1.000
10000 1.000
10000 1.000
10000 1.000
10000 0.427
10000 0.444
10000 1.000
10000 0.970
10000 1.000
10000 1.000
10000 0.809
10000 0.419
10000 1.000
10000 0.438
10000 0.637
10000 1.000
10000 0.565
10000 1.000
10000 1.000
10000 0.439
10000 0.595
10000 0.439
10000 0.425
10000 1.000
10000 0.920
10000 0.796
10000 1.000
10000 0.987
10000 1.000
10000 0.405
10000 1.000
10000 1.000
10000 0.758
10000 0.509
10000 0.448
10000 0.482
10000 1.000
10000 1.000
10000 1.000
10000 1.000
10000 1.000
10000 0.505
10000 0.479
10000 0.441
10000 0.996
10000 0.987
10000 0.443
10000 1.000
10000 1.000
10000 0.459
10000 1.000
10000 0.454
10000 1.000
10000 1.000
10000 0.399
10000 1.000
10000 1.000
10000 1.000
10000 1.000
10000 0.991
10000 1.000
10000 1.000
10000 1.000
10000 0.423
10000 0.677
10000 0.743
10000 1.000
10000 1.000
10000 0.568
10000 1.000
10000 1.000
10000 0.972
10000 0.425
10000 1.000
10000 0.691
10000 0.607
10000 0.402
10000 0.406
10000 0.501
10000 0.984
10000 0.995
10000 0.743
10000 1.000
10000 0.991
10000 1.000
10000 0.987
10000 0.383
10000 1.000
10000 1.000
10000 0.395
10000 0.856
10000 0.501
10000 0.407
10000 0.441
10000 0.996
10000 1.000
10000 0.679
10000 1.000
10000 1.000
10000 0.965
10000 1.000
10000 1.000
10000 0.974
10000 1.000
10000 0.967
10000 0.403
10000 1.000
10000 0.986
10000 0.830
10000 0.991
10000 0.433
10000 0.790
10000 1.000
10000 0.974
10000 0.801
10000 1.000
10000 0.405
10000 1.000
10000 0.746
10000 1.000
10000 1.000
10000 0.797
10000 0.485
10000 0.432
10000 1.000
10000 0.454
10000 1.000
10000 0.911
10000 1.000
10000 1.000
10000 1.000
10000 0.928
10000 1.000
10000 1.000
10000 1.000
10000 0.451
10000 0.423
10000 0.586
10000 1.000
10000 0.475
10000 0.675
10000 1.000
10000 1.000
10000 1.000
10000 1.000
10000 1.000
10000 0.424
10000 1.000
10000 0.440
10000 1.000
10000 0.986
10000 1.000
10000 0.674
10000 1.000
10000 1.000
10000 0.684
10000 0.432
10000 1.000
10000 1.000
10000 1.000
10000 0.649
10000 0.388
10000 1.000
10000 0.925
10000 1.000
10000 0.404
10000 0.422
10000 1.000
10000 0.896
10000 1.000
10000 0.387
10000 0.639
10000 0.781
10000 1.000
10000 1.000
10000 0.657
10000 0.465
10000 0.483
10000 0.953
10000 0.471
10000 0.959
10000 1.000
10000 0.384
10000 0.478
10000 0.468
10000 1.000
10000 0.440
10000 1.000
10000 1.000
10000 0.421
10000 0.944
10000 0.456
10000 1.000
10000 1.000
10000 1.000
10000 1.000
10000 0.451
10000 0.457
10000 0.495
10000 0.418
10000 1.000
10000 0.471
10000 0.463
10000 0.408
10000 1.000
10000 1.000
10000 0.417
10000 1.000
10000 0.993
10000 0.775
10000 1.000
10000 0.597
10000 0.457
10000 1.000
10000 0.391
10000 1.000
10000 1.000
10000 1.000
10000 1.000
10000 1.000
10000 1.000
10000 1.000
10000 0.622
10000 0.901
10000 0.495
10000 0.979
10000 1.000
10000 0.938
10000 1.000
10000 0.400
10000 1.000
10000 0.580
10000 0.446
10000 1.000
10000 1.000
