10000 1.000
10000 0.971
10000 1.000
10000 0.459
10000 1.000
10000 0.374
10000 0.401
10000 1.000
10000 0.309
10000 0.341
10000 0.946
10000 0.918
10000 0.454
10000 0.310
10000 0.967
10000 0.311
10000 1.000
10000 0.842
10000 0.998
10000 0.992
10000 1.000
10000 0.355
10000 1.000
10000 0.325
10000 0.382
10000 0.411
10000 0.287
10000 0.982
10000 1.000
10000 0.649
10000 0.563
10000 0.399
10000 1.000
10000 1.000
10000 1.000
10000 1.000
10000 0.427
10000 0.334
10000 0.333
10000 0.931
10000 0.336
10000 0.397
10000 0.394
10000 1.000
10000 1.000
10000 0.326
10000 1.000
10000 0.357
10000 0.651
10000 0.381
10000 0.392
10000 1.000
10000 1.000
10000 0.386
10000 0.763
10000 0.358
10000 1.000
10000 0.477
10000 1.000
10000 1.000
10000 0.378
10000 0.340
10000 0.352
10000 1.000
10000 0.721
10000 1.000
10000 1.000
10000 1.000
10000 1.000
10000 1.000
10000 0.995
10000 0.320
10000 1.000
10000 0.364
10000 1.000
10000 0.356
10000 0.391
10000 1.000
10000 0.344
10000 1.000
10000 1.000
10000 0.340
10000 1.000
10000 0.342
10000 0.988
10000 1.000
10000 1.000
10000 0.844
10000 1.000
10000 0.443
10000 1.000
10000 1.000
10000 0.325
10000 1.000
10000 0.988
10000 0.577
10000 1.000
10000 1.000
10000 0.991
10000 0.415
10000 1.000
10000 1.000
10000 1.000
10000 0.370
10000 1.000
10000 0.358
10000 0.806
10000 0.863
10000 1.000
10000 0.319
10000 1.000
10000 0.322
10000 0.317
10000 0.312
10000 1.000
10000 1.000
10000 0.304
10000 0.347
10000 0.351
10000 1.000
10000 1.000
10000 0.441
10000 1.000
10000 1.000
10000 0.902
10000 1.000
10000 1.000
10000 0.956
10000 1.000
10000 1.000
10000 1.000
10000 1.000
10000 0.324
10000 1.000
10000 0.329
10000 0.985
10000 1.000
10000 0.301
10000 0.470
10000 1.000
10000 0.338
10000 0.435
10000 0.444
10000 1.000
10000 0.483
10000 0.328
10000 0.997
10000 0.588
10000 1.000
10000 1.000
10000 0.305
10000 0.989
10000 0.976
10000 1.000
10000 1.000
10000 0.299
10000 1.000
10000 0.961
10000 0.336
10000 1.000
10000 1.000
10000 1.000
10000 1.000
10000 0.332
10000 0.329
10000 1.000
10000 1.000
10000 0.346
10000 1.000
10000 0.618
10000 0.533
10000 0.390
10000 0.989
10000 1.000
10000 0.973
10000 1.000
10000 0.455
10000 1.000
10000 1.000
10000 0.339
10000 0.945
10000 1.000
10000 1.000
10000 1.000
10000 0.368
10000 0.404
10000 0.362
10000 1.000
10000 1.000
10000 0.351
10000 0.378
10000 1.000
10000 0.632
10000 1.000
10000 0.320
10000 0.814
10000 0.955
10000 1.000
10000 0.589
10000 0.314
10000 0.351
10000 0.295
10000 0.951
10000 0.310
10000 1.000
10000 1.000
10000 0.307
10000 1.000
10000 1.000
10000 1.000
10000 1.000
10000 0.345
10000 0.280
10000 0.386
10000 0.320
10000 1.000
10000 1.000
10000 1.000
10000 0.450
10000 1.000
10000 1.000
10000 1.000
10000 0.373
10000 0.392
10000 0.527
10000 0.959
10000 1.000
10000 0.756
10000 1.000
10000 0.933
10000 0.382
10000 0.302
10000 1.000
10000 0.339
10000 1.000
10000 0.496
10000 0.348
10000 1.000
10000 0.407
10000 0.344
10000 0.669
10000 0.285
10000 1.000
10000 0.364
10000 1.000
10000 1.000
10000 0.497
10000 1.000
10000 0.294
10000 1.000
10000 1.000
10000 1.000
10000 0.389
10000 0.288
10000 0.373
10000 0.949
10000 1.000
10000 1.000
10000 0.308
10000 0.835
10000 1.000
10000 0.968
10000 1.000
10000 1.000
10000 0.343
10000 1.000
10000 1.000
10000 0.653
10000 1.000
10000 0.328
10000 1.000
10000 0.967
10000 0.922
10000 0.941
10000 1.000
10000 1.000
10000 0.682
10000 1.000
10000 1.000
10000 0.367
10000 0.328
10000 0.363
10000 0.997
10000 0.334
10000 0.976
10000 0.762
10000 0.390
10000 0.400
10000 1.000
10000 0.388
10000 0.451
10000 0.983
10000 0.432
10000 1.000
10000 0.994
10000 0.434
10000 0.972
10000 1.000
10000 0.366
10000 1.000
10000 0.443
10000 0.971
10000 0.355
10000 1.000
10000 1.000
10000 0.915
10000 0.364
10000 0.589
10000 0.870
10000 1.000
10000 1.000
10000 0.442
10000 0.349
10000 0.513
10000 1.000
10000 1.000
10000 0.317
10000 0.876
10000 1.000
10000 0.992
10000 0.556
10000 0.360
10000 0.332
10000 1.000
10000 1.000
10000 1.000
10000 0.362
10000 1.000
10000 0.733
10000 0.387
10000 1.000
10000 1.000
10000 0.394
10000 0.327
10000 1.000
10000 1.000
10000 1.000
10000 0.495
10000 1.000
10000 0.318
10000 0.325
10000 1.000
10000 1.000
10000 0.377
10000 0.331
10000 0.391
10000 0.697
10000 0.504
10000 1.000
10000 0.493
10000 1.000
10000 1.000
10000 0.387
10000 1.000
10000 1.000
10000 0.960
10000 0.723
10000 0.985
10000 1.000
10000 1.000
10000 0.560
10000 0.855
10000 0.996
10000 1.000
10000 0.342
10000 0.356
10000 1.000
10000 0.425
10000 0.328
10000 1.000
10000 0.352
10000 1.000
10000 0.485
10000 0.353
10000 0.956
10000 0.324
10000 1.000
10000 0.445
10000 0.949
10000 1.000
10000 0.373
10000 0.990
10000 0.499
10000 0.992
10000 0.654
10000 1.000
10000 1.000
10000 0.343
10000 0.630
10000 0.364
10000 0.508
10000 0.361
10000 1.000
10000 0.420
10000 1.000
10000 0.372
10000 0.371
10000 0.963
10000 1.000
10000 1.000
10000 1.000
10000 0.362
10000 1.000
10000 0.292
10000 1.000
10000 0.977
10000 0.995
10000 0.369
10000 0.393
10000 0.453
10000 1.000
10000 0.343
10000 0.384
10000 0.477
10000 0.339
10000 1.000
10000 0.996
10000 0.771
10000 0.358
10000 1.000
10000 1.000
10000 1.000
10000 1.000
10000 1.000
10000 1.000
10000 0.304
10000 0.413
10000 0.344
10000 0.378
10000 1.000
10000 0.321
10000 1.000
10000 1.000
10000 0.996
10000 0.998
10000 1.000
10000 0.371
10000 1.000
10000 0.936
10000 0.381
10000 1.000
10000 0.385
10000 0.491
10000 1.000
10000 0.299
10000 1.000
10000 0.294
10000 1.000
10000 0.368
10000 1.000
10000 0.360
10000 0.370
10000 1.000
10000 1.000
10000 0.508
10000 1.000
10000 1.000
10000 0.337
10000 1.000
10000 1.000
10000 1.000
10000 0.978
10000 1.000
10000 0.343
10000 0.318
10000 1.000
10000 1.000
10000 1.000
10000 0.380
10000 0.343
10000 0.391
10000 0.339
10000 1.000
10000 0.368
10000 1.000
10000 0.362
10000 1.000
10000 1.000
10000 0.397
10000 1.000
10000 1.000
10000 1.000
10000 1.000
10000 1.000
10000 1.000
10000 1.000
10000 0.313
10000 0.297
10000 1.000
10000 1.000
10000 0.406
10000 1.000
10000 0.379
10000 0.299
10000 1.000
10000 0.959
10000 0.311
10000 1.000
10000 0.339
10000 0.362
