10000 0.000
10000 1.000
10000 0.052
10000 1.000
10000 0.000
10000 0.030
10000 0.024
10000 0.000
10000 0.035
10000 0.000
10000 0.060
10000 1.000
10000 1.000
10000 0.031
10000 0.060
10000 0.007
10000 0.000
10000 0.078
10000 1.000
10000 0.007
10000 0.072
10000 0.038
10000 0.058
10000 1.000
10000 1.000
10000 0.000
10000 0.042
10000 1.000
10000 0.028
10000 1.000
10000 0.025
10000 0.035
10000 0.023
10000 0.973
10000 0.047
10000 0.047
10000 0.021
10000 0.024
10000 0.000
10000 1.000
10000 0.064
10000 0.041
10000 1.000
10000 0.025
10000 0.043
10000 0.087
10000 0.032
10000 1.000
10000 1.000
10000 1.000
10000 0.049
10000 1.000
10000 0.035
10000 0.043
10000 0.048
10000 1.000
10000 1.000
10000 0.049
10000 1.000
10000 1.000
10000 0.810
10000 0.045
10000 1.000
10000 1.000
10000 0.959
10000 0.060
10000 1.000
10000 0.033
10000 0.000
10000 0.000
10000 0.073
10000 0.000
10000 0.000
10000 0.804
10000 0.022
10000 0.994
10000 0.436
10000 0.049
10000 0.006
10000 1.000
10000 0.027
10000 0.894
10000 0.000
10000 0.075
10000 0.029
10000 0.045
10000 0.018
10000 0.019
10000 0.049
10000 0.048
10000 0.795
10000 0.957
10000 0.027
10000 0.000
10000 1.000
10000 0.981
10000 1.000
10000 0.998
10000 1.000
10000 0.038
10000 0.011
10000 0.041
10000 0.052
10000 0.015
10000 1.000
10000 0.000
10000 1.000
10000 0.000
10000 0.025
10000 1.000
10000 1.000
10000 1.000
10000 0.052
10000 0.062
10000 0.053
10000 1.000
10000 0.970
10000 0.000
10000 0.032
10000 0.000
10000 0.000
10000 1.000
10000 0.015
10000 0.052
10000 0.035
10000 0.000
10000 0.000
10000 1.000
10000 0.000
10000 0.033
10000 0.000
10000 0.022
10000 0.014
10000 1.000
10000 1.000
10000 0.987
10000 0.035
10000 0.055
10000 0.143
10000 0.036
10000 0.989
10000 0.044
10000 0.649
10000 1.000
10000 1.000
10000 0.045
10000 0.030
10000 1.000
10000 0.137
10000 0.023
10000 1.000
10000 1.000
10000 0.025
10000 0.006
10000 1.000
10000 0.000
10000 0.006
10000 0.018
10000 0.053
10000 1.000
10000 0.009
10000 0.030
10000 1.000
10000 0.936
10000 0.986
10000 1.000
10000 0.031
10000 0.903
10000 0.011
10000 1.000
10000 0.010
10000 1.000
10000 0.063
10000 0.030
10000 0.010
10000 1.000
10000 0.009
10000 0.934
10000 0.975
10000 0.000
10000 0.058
10000 0.026
10000 1.000
10000 0.000
10000 0.913
10000 1.000
10000 0.035
10000 0.023
10000 1.000
10000 0.055
10000 1.000
10000 0.013
10000 0.924
10000 0.117
10000 0.039
10000 0.995
10000 1.000
10000 0.027
10000 0.000
10000 0.034
10000 1.000
10000 0.890
10000 0.042
10000 1.000
10000 1.000
10000 1.000
10000 1.000
10000 0.988
10000 0.043
10000 0.029
10000 0.031
10000 0.011
10000 0.032
10000 0.006
10000 0.982
10000 0.005
10000 1.000
10000 0.061
10000 0.000
10000 1.000
10000 0.000
10000 0.042
10000 0.022
10000 0.817
10000 0.000
10000 1.000
10000 0.054
10000 0.022
10000 1.000
10000 0.000
10000 0.000
10000 0.881
10000 0.007
10000 0.063
10000 0.000
10000 0.061
10000 0.041
10000 0.018
10000 0.000
10000 0.019
10000 1.000
10000 0.000
10000 1.000
10000 0.007
10000 0.984
10000 0.010
10000 0.027
10000 1.000
10000 0.994
10000 0.000
10000 0.976
10000 1.000
10000 0.051
10000 0.040
10000 0.018
10000 1.000
10000 0.079
10000 1.000
10000 0.000
10000 0.073
10000 0.019
10000 1.000
10000 0.000
10000 0.000
10000 1.000
10000 0.041
10000 0.997
10000 0.990
10000 0.062
10000 0.034
10000 0.910
10000 1.000
10000 0.040
10000 0.008
10000 0.032
10000 0.048
10000 0.000
10000 1.000
10000 0.000
10000 0.006
10000 0.036
10000 0.961
10000 1.000
10000 0.008
10000 0.041
10000 0.000
10000 0.992
10000 0.022
10000 0.000
10000 0.753
10000 0.000
10000 0.000
10000 1.000
10000 0.007
10000 1.000
10000 1.000
10000 1.000
10000 0.000
10000 0.037
10000 1.000
10000 0.033
10000 0.023
10000 0.031
10000 0.000
10000 0.042
10000 1.000
10000 0.021
10000 0.041
10000 0.000
10000 0.040
10000 0.058
10000 0.015
10000 0.983
10000 1.000
10000 0.000
10000 1.000
10000 0.063
10000 1.000
10000 0.015
10000 0.032
10000 0.000
10000 0.005
10000 0.040
10000 1.000
10000 0.968
10000 0.843
10000 0.069
10000 1.000
10000 0.976
10000 0.962
10000 0.840
10000 0.049
10000 0.041
10000 0.016
10000 0.032
10000 1.000
10000 0.000
10000 0.000
10000 1.000
10000 1.000
10000 0.052
10000 0.916
10000 0.058
10000 0.000
10000 0.000
10000 0.922
10000 0.056
10000 0.044
10000 0.000
10000 0.036
10000 0.031
10000 0.000
10000 0.014
10000 1.000
10000 1.000
10000 0.962
10000 0.052
10000 0.052
10000 0.000
10000 0.024
10000 0.034
10000 0.047
10000 0.000
10000 0.053
10000 0.041
10000 0.000
10000 0.048
10000 0.885
10000 0.039
10000 1.000
10000 0.028
10000 0.830
10000 1.000
10000 1.000
10000 1.000
10000 1.000
10000 0.000
10000 0.975
10000 0.000
10000 1.000
10000 1.000
10000 0.000
10000 0.872
10000 0.835
10000 0.021
10000 0.996
10000 1.000
10000 0.000
10000 0.033
10000 0.986
10000 1.000
10000 1.000
10000 1.000
10000 0.006
10000 0.031
10000 1.000
10000 0.032
10000 0.049
10000 1.000
10000 0.038
10000 0.940
10000 0.034
10000 0.915
10000 0.030
10000 0.028
10000 0.059
10000 0.000
10000 0.022
10000 0.952
10000 0.970
10000 0.039
10000 0.030
10000 1.000
10000 0.038
10000 0.025
10000 0.000
10000 0.012
10000 0.015
10000 0.000
10000 1.000
10000 0.065
10000 0.038
10000 0.037
10000 0.084
10000 0.054
10000 0.000
10000 0.929
10000 0.029
10000 1.000
10000 1.000
10000 0.044
10000 0.063
10000 0.032
10000 1.000
10000 0.000
10000 1.000
10000 0.994
10000 0.046
10000 1.000
10000 0.991
10000 0.000
10000 0.991
10000 0.029
10000 0.041
10000 1.000
10000 1.000
10000 0.000
10000 0.022
10000 0.038
10000 0.023
10000 1.000
10000 0.052
10000 0.041
10000 0.025
10000 1.000
10000 1.000
10000 0.015
10000 1.000
10000 0.049
10000 1.000
10000 0.000
10000 0.025
10000 0.000
10000 0.799
10000 0.029
10000 0.054
10000 0.038
10000 0.034
10000 0.023
10000 0.009
10000 0.015
10000 0.007
10000 1.000
10000 0.040
10000 0.985
10000 0.050
10000 0.030
10000 1.000
10000 0.000
10000 1.000
10000 0.000
10000 0.020
10000 1.000
10000 0.982
10000 0.026
10000 0.006
10000 0.027
10000 1.000
10000 0.015
10000 1.000
10000 0.034
10000 0.021
10000 0.013
10000 0.048
10000 1.000
10000 1.000
10000 0.000
10000 0.948
10000 0.062
10000 1.000
