10000 1.000
10000 0.305
10000 1.000
10000 1.000
10000 0.212
10000 0.243
10000 0.120
10000 1.000
10000 1.000
10000 0.877
10000 1.000
10000 1.000
10000 0.988
10000 0.153
10000 0.172
10000 1.000
10000 1.000
10000 1.000
10000 0.089
10000 0.243
10000 1.000
10000 1.000
10000 1.000
10000 1.000
10000 0.106
10000 1.000
10000 1.000
10000 0.219
10000 1.000
10000 1.000
10000 1.000
10000 1.000
10000 0.113
10000 1.000
10000 1.000
10000 1.000
10000 1.000
10000 0.138
10000 0.949
10000 0.193
10000 0.217
10000 0.165
10000 0.169
10000 1.000
10000 0.729
10000 1.000
10000 0.170
10000 0.165
10000 1.000
10000 0.867
10000 1.000
10000 1.000
10000 0.173
10000 1.000
10000 1.000
10000 1.000
10000 1.000
10000 0.937
10000 0.179
10000 1.000
10000 0.395
10000 1.000
10000 1.000
10000 1.000
10000 0.164
10000 0.175
10000 1.000
10000 0.208
10000 1.000
10000 1.000
10000 1.000
10000 0.207
10000 1.000
10000 1.000
10000 1.000
10000 0.221
10000 0.989
10000 0.096
10000 1.000
10000 0.144
10000 0.123
10000 1.000
10000 1.000
10000 0.089
10000 1.000
10000 1.000
10000 0.135
10000 1.000
10000 1.000
10000 0.930
10000 1.000
10000 1.000
10000 1.000
10000 1.000
10000 1.000
10000 1.000
10000 0.118
10000 0.962
10000 1.000
10000 0.127
10000 0.191
10000 1.000
10000 1.000
10000 1.000
10000 1.000
10000 1.000
10000 1.000
10000 1.000
10000 1.000
10000 1.000
10000 1.000
10000 1.000
10000 1.000
10000 1.000
10000 1.000
10000 0.129
10000 0.181
10000 1.000
10000 1.000
10000 1.000
10000 0.114
10000 0.162
10000 1.000
10000 0.231
10000 1.000
10000 0.125
10000 1.000
10000 1.000
10000 1.000
10000 1.000
10000 0.116
10000 0.214
10000 1.000
10000 0.189
10000 1.000
10000 1.000
10000 0.213
10000 0.119
10000 1.000
10000 1.000
10000 1.000
10000 1.000
10000 0.428
10000 0.890
10000 0.963
10000 1.000
10000 0.089
10000 1.000
10000 1.000
10000 1.000
10000 0.178
10000 1.000
10000 1.000
10000 0.200
10000 0.138
10000 0.545
10000 0.433
10000 1.000
10000 0.134
10000 0.181
10000 0.167
10000 0.185
10000 1.000
10000 1.000
10000 1.000
10000 0.815
10000 1.000
10000 0.205
10000 0.198
10000 1.000
10000 1.000
10000 1.000
10000 0.131
10000 0.156
10000 1.000
10000 1.000
10000 0.134
10000 1.000
10000 0.983
10000 0.259
10000 1.000
10000 1.000
10000 0.263
10000 1.000
10000 1.000
10000 0.111
10000 0.115
10000 0.999
10000 1.000
10000 0.172
10000 0.135
10000 1.000
10000 1.000
10000 0.762
10000 0.219
10000 1.000
10000 1.000
10000 1.000
10000 1.000
10000 1.000
10000 0.246
10000 0.157
10000 1.000
10000 0.158
10000 0.152
10000 1.000
10000 1.000
10000 0.141
10000 1.000
10000 0.956
10000 0.197
10000 0.165
10000 0.133
10000 0.146
10000 0.189
10000 0.994
10000 1.000
10000 1.000
10000 0.169
10000 0.098
10000 0.509
10000 1.000
10000 1.000
10000 1.000
10000 1.000
10000 0.152
10000 1.000
10000 1.000
10000 1.000
10000 1.000
10000 1.000
10000 0.079
10000 1.000
10000 0.205
10000 0.129
10000 0.166
10000 0.180
10000 1.000
10000 1.000
10000 1.000
10000 1.000
10000 1.000
10000 0.969
10000 1.000
10000 0.200
10000 0.227
10000 0.183
10000 0.085
10000 1.000
10000 1.000
10000 0.130
10000 0.371
10000 0.187
10000 0.124
10000 0.170
10000 0.398
10000 0.168
10000 0.226
10000 1.000
10000 0.826
10000 0.111
10000 1.000
10000 0.983
10000 0.144
10000 0.141
10000 1.000
10000 1.000
10000 1.000
10000 0.181
10000 1.000
10000 1.000
10000 1.000
10000 1.000
10000 0.179
10000 1.000
10000 0.989
10000 0.879
10000 1.000
10000 0.166
10000 1.000
10000 1.000
10000 1.000
10000 0.182
10000 0.081
10000 0.208
10000 1.000
10000 1.000
10000 0.177
10000 0.852
10000 1.000
10000 0.142
10000 0.169
10000 0.923
10000 0.118
10000 1.000
10000 1.000
10000 1.000
10000 1.000
10000 0.097
10000 1.000
