10000 0.237
10000 0.258
10000 1.000
10000 0.286
10000 1.000
10000 0.244
10000 1.000
10000 0.736
10000 0.264
10000 1.000
10000 1.000
10000 0.237
10000 0.314
10000 1.000
10000 0.238
10000 1.000
10000 1.000
10000 0.241
10000 1.000
10000 1.000
10000 1.000
10000 1.000
10000 1.000
10000 0.988
10000 0.243
10000 0.295
10000 0.180
10000 0.288
10000 0.244
10000 1.000
10000 1.000
10000 1.000
10000 1.000
10000 1.000
10000 1.000
10000 0.265
10000 0.271
10000 1.000
10000 0.276
10000 0.914
10000 0.284
10000 0.259
10000 1.000
10000 0.898
10000 0.210
10000 0.670
10000 0.238
10000 1.000
10000 1.000
10000 1.000
10000 0.297
10000 0.333
10000 1.000
10000 1.000
10000 0.612
10000 0.190
10000 0.220
10000 0.254
10000 1.000
10000 0.239
10000 1.000
10000 0.310
10000 1.000
10000 1.000
10000 0.378
10000 1.000
10000 0.353
10000 1.000
10000 1.000
10000 1.000
10000 1.000
10000 1.000
10000 1.000
10000 1.000
10000 0.388
10000 1.000
10000 0.820
10000 1.000
10000 0.429
10000 1.000
10000 1.000
10000 1.000
10000 1.000
10000 1.000
10000 1.000
10000 1.000
10000 0.237
10000 1.000
10000 0.409
10000 1.000
10000 0.361
10000 0.311
10000 1.000
10000 1.000
10000 0.267
10000 0.234
10000 0.244
10000 0.281
10000 1.000
10000 0.351
10000 0.232
10000 0.221
10000 0.236
10000 0.205
10000 1.000
10000 1.000
10000 0.203
10000 1.000
10000 1.000
10000 1.000
10000 0.963
10000 0.265
10000 0.925
10000 1.000
10000 1.000
10000 0.194
10000 0.353
10000 0.933
10000 1.000
10000 0.253
10000 0.261
10000 1.000
10000 0.258
10000 0.398
10000 1.000
10000 1.000
10000 1.000
10000 1.000
10000 0.331
10000 0.656
10000 1.000
10000 0.300
10000 1.000
10000 1.000
10000 1.000
10000 0.239
10000 0.267
10000 1.000
10000 1.000
10000 0.296
10000 1.000
10000 0.310
10000 0.845
10000 1.000
10000 0.241
10000 1.000
10000 1.000
10000 1.000
10000 1.000
10000 1.000
10000 0.334
10000 0.247
10000 1.000
10000 0.267
10000 0.344
10000 1.000
10000 0.257
10000 1.000
10000 0.183
10000 0.281
10000 1.000
10000 1.000
10000 1.000
10000 0.267
10000 0.310
10000 1.000
10000 1.000
10000 0.628
10000 0.970
10000 0.956
10000 0.887
10000 0.283
10000 0.253
10000 0.826
10000 1.000
10000 1.000
10000 1.000
10000 1.000
10000 1.000
10000 1.000
10000 0.248
10000 1.000
10000 1.000
10000 0.296
10000 1.000
10000 1.000
10000 0.276
10000 0.250
10000 0.314
10000 0.210
10000 1.000
10000 1.000
10000 1.000
10000 0.961
10000 0.245
10000 1.000
10000 0.274
10000 0.500
10000 1.000
10000 0.226
10000 0.249
10000 0.283
10000 1.000
10000 1.000
10000 0.269
10000 1.000
10000 0.182
10000 1.000
10000 0.231
10000 1.000
10000 0.269
10000 0.281
10000 1.000
10000 0.268
10000 1.000
10000 0.292
10000 0.329
10000 0.215
10000 0.975
10000 1.000
10000 1.000
10000 0.251
10000 0.255
10000 0.309
10000 1.000
10000 0.248
10000 0.204
10000 1.000
10000 0.214
10000 1.000
10000 0.457
10000 1.000
10000 1.000
10000 1.000
10000 0.389
10000 1.000
10000 1.000
10000 0.315
10000 0.470
10000 0.382
10000 1.000
10000 0.232
10000 1.000
10000 0.247
10000 0.229
10000 0.301
10000 0.997
10000 1.000
10000 1.000
10000 1.000
10000 1.000
10000 0.275
10000 1.000
10000 1.000
10000 1.000
10000 0.420
10000 1.000
10000 0.222
10000 1.000
10000 0.258
10000 1.000
10000 1.000
10000 1.000
10000 0.273
10000 0.237
10000 0.186
10000 1.000
10000 0.304
10000 0.283
10000 0.270
10000 0.272
10000 0.254
10000 0.296
10000 0.479
10000 1.000
10000 1.000
10000 1.000
10000 0.279
10000 0.226
10000 0.334
10000 1.000
10000 0.258
10000 1.000
10000 1.000
10000 1.000
10000 0.360
10000 1.000
10000 1.000
10000 0.272
10000 1.000
10000 1.000
10000 1.000
10000 0.314
10000 1.000
10000 1.000
10000 1.000
10000 0.233
10000 0.352
10000 1.000
10000 1.000
10000 0.308
10000 0.325
10000 1.000
10000 1.000
10000 1.000
10000 0.311
10000 1.000
10000 0.372
10000 0.245
10000 1.000
10000 0.293
10000 1.000
10000 1.000
10000 0.329
10000 1.000
10000 1.000
10000 0.384
10000 1.000
10000 0.268
10000 0.290
10000 1.000
10000 0.324
10000 0.984
10000 1.000
10000 1.000
10000 0.228
10000 1.000
10000 1.000
10000 0.432
10000 1.000
10000 1.000
10000 0.269
10000 0.843
10000 0.656
10000 1.000
10000 0.238
10000 1.000
10000 0.274
10000 0.226
10000 0.953
10000 1.000
10000 1.000
10000 1.000
10000 1.000
10000 0.271
10000 1.000
10000 1.000
10000 1.000
10000 0.862
10000 1.000
10000 0.246
10000 1.000
10000 0.317
10000 0.280
10000 0.275
10000 1.000
10000 1.000
10000 1.000
10000 0.218
10000 1.000
10000 1.000
10000 1.000
10000 0.272
10000 1.000
10000 0.202
10000 1.000
10000 0.288
10000 1.000
10000 1.000
10000 1.000
10000 1.000
10000 0.261
10000 1.000
10000 0.270
10000 1.000
10000 1.000
10000 0.301
10000 1.000
10000 1.000
10000 0.390
10000 1.000
10000 0.200
10000 0.443
10000 1.000
10000 0.264
10000 0.224
10000 0.222
10000 1.000
10000 1.000
10000 1.000
10000 1.000
10000 1.000
10000 0.237
10000 1.000
10000 1.000
10000 1.000
10000 1.000
10000 1.000
10000 0.336
10000 0.638
10000 1.000
10000 0.679
10000 0.873
10000 1.000
10000 0.333
10000 0.223
10000 0.216
10000 0.224
10000 1.000
10000 0.307
10000 1.000
10000 1.000
10000 0.305
10000 1.000
10000 1.000
10000 1.000
10000 1.000
10000 1.000
10000 0.794
10000 0.231
10000 1.000
10000 1.000
10000 0.306
10000 0.247
10000 1.000
10000 1.000
10000 0.307
10000 0.986
10000 1.000
10000 1.000
10000 0.275
10000 0.682
10000 0.245
10000 0.228
10000 0.271
10000 0.990
10000 0.255
10000 1.000
10000 1.000
10000 0.414
10000 1.000
10000 1.000
10000 0.263
10000 1.000
10000 0.596
10000 0.286
10000 0.230
10000 0.286
10000 0.984
10000 1.000
10000 1.000
10000 0.847
10000 1.000
10000 1.000
10000 0.324
10000 1.000
10000 1.000
10000 1.000
10000 0.312
10000 0.249
10000 0.235
10000 0.294
10000 1.000
10000 1.000
10000 1.000
10000 0.236
10000 1.000
10000 0.535
10000 1.000
10000 1.000
10000 0.256
10000 0.288
10000 0.399
10000 0.285
10000 1.000
10000 0.279
10000 0.256
10000 0.249
10000 0.350
10000 1.000
10000 1.000
10000 0.283
10000 0.259
10000 1.000
10000 0.260
10000 1.000
10000 1.000
10000 1.000
10000 0.542
10000 1.000
10000 1.000
10000 1.000
10000 0.302
10000 1.000
10000 1.000
10000 0.281
10000 0.343
10000 0.258
10000 1.000
10000 0.269
