10000 1.000
10000 1.000
10000 0.139
10000 1.000
10000 1.000
10000 1.000
10000 0.177
10000 1.000
10000 0.113
10000 1.000
10000 1.000
10000 0.213
10000 1.000
10000 1.000
10000 1.000
10000 0.073
10000 0.227
10000 1.000
10000 0.120
10000 1.000
10000 1.000
10000 1.000
10000 0.094
10000 0.983
10000 1.000
10000 1.000
10000 1.000
10000 1.000
10000 1.000
10000 1.000
10000 0.198
10000 1.000
10000 1.000
10000 1.000
10000 0.148
10000 1.000
10000 0.081
10000 1.000
10000 0.305
10000 0.259
10000 0.154
10000 0.275
10000 1.000
10000 0.206
10000 1.000
10000 0.489
10000 1.000
10000 0.049
10000 1.000
10000 0.134
10000 0.154
10000 0.137
10000 1.000
10000 1.000
10000 1.000
10000 1.000
10000 1.000
10000 1.000
10000 0.439
10000 0.111
10000 0.134
10000 0.924
10000 1.000
10000 0.410
10000 0.164
10000 1.000
10000 0.102
10000 1.000
10000 0.275
10000 1.000
10000 1.000
10000 1.000
10000 1.000
10000 0.110
10000 0.294
10000 1.000
10000 0.272
10000 0.147
10000 0.161
10000 1.000
10000 1.000
10000 1.000
10000 1.000
10000 1.000
10000 0.086
10000 1.000
10000 0.142
10000 1.000
10000 1.000
10000 1.000
10000 1.000
10000 1.000
10000 1.000
10000 1.000
10000 0.405
10000 1.000
10000 0.108
10000 1.000
10000 0.196
10000 1.000
10000 0.976
10000 1.000
10000 1.000
10000 0.132
10000 0.079
10000 1.000
10000 1.000
10000 0.130
10000 1.000
10000 1.000
10000 0.950
10000 1.000
10000 0.926
10000 0.972
10000 0.215
10000 1.000
10000 1.000
10000 0.936
10000 0.000
10000 1.000
10000 0.103
10000 1.000
10000 1.000
10000 0.112
10000 1.000
10000 1.000
10000 1.000
10000 1.000
10000 0.286
10000 1.000
10000 1.000
10000 0.111
10000 1.000
10000 0.123
10000 1.000
10000 0.184
10000 0.965
10000 1.000
10000 1.000
10000 0.292
10000 0.177
10000 0.101
10000 0.725
10000 1.000
10000 0.177
10000 0.107
10000 1.000
10000 0.218
10000 0.554
10000 1.000
10000 1.000
10000 1.000
10000 0.258
10000 1.000
10000 1.000
10000 0.901
10000 1.000
10000 0.075
10000 0.090
10000 0.163
10000 0.127
10000 0.116
10000 1.000
10000 0.263
10000 1.000
10000 1.000
10000 0.102
10000 0.152
10000 0.163
10000 0.973
10000 0.994
10000 0.164
10000 1.000
10000 0.120
10000 1.000
10000 0.202
10000 1.000
10000 0.868
10000 1.000
10000 1.000
10000 1.000
10000 1.000
10000 0.135
10000 0.177
10000 1.000
10000 0.095
10000 0.113
10000 0.228
10000 1.000
10000 1.000
10000 1.000
10000 1.000
10000 0.143
10000 0.369
10000 0.112
10000 1.000
10000 1.000
10000 0.092
10000 1.000
10000 0.149
10000 1.000
10000 1.000
10000 1.000
10000 0.193
10000 0.755
10000 0.000
10000 1.000
10000 0.182
10000 1.000
10000 1.000
10000 1.000
10000 1.000
10000 0.211
10000 0.081
10000 1.000
10000 0.137
10000 1.000
10000 1.000
10000 0.961
10000 1.000
10000 1.000
10000 0.120
10000 1.000
10000 0.960
10000 0.139
10000 1.000
10000 1.000
10000 1.000
10000 0.462
10000 0.262
10000 1.000
10000 1.000
10000 0.181
10000 1.000
10000 0.212
10000 0.147
10000 1.000
10000 1.000
10000 0.298
10000 0.232
10000 1.000
10000 0.169
10000 1.000
10000 1.000
10000 0.137
10000 1.000
10000 1.000
10000 0.082
10000 0.088
10000 1.000
10000 0.152
10000 1.000
10000 0.989
10000 1.000
10000 1.000
10000 1.000
10000 1.000
10000 1.000
10000 1.000
10000 1.000
10000 1.000
10000 0.133
10000 1.000
10000 0.100
10000 1.000
10000 0.207
10000 1.000
10000 1.000
10000 0.119
10000 1.000
10000 1.000
10000 0.100
10000 1.000
10000 1.000
10000 1.000
10000 0.981
10000 1.000
10000 0.221
10000 0.148
10000 0.154
10000 0.119
10000 1.000
10000 1.000
10000 1.000
10000 1.000
10000 1.000
10000 1.000
10000 1.000
10000 1.000
10000 0.181
10000 1.000
10000 1.000
10000 1.000
10000 1.000
10000 0.438
10000 1.000
10000 0.065
10000 1.000
10000 0.982
10000 1.000
10000 0.111
10000 1.000
10000 1.000
10000 1.000
10000 1.000
10000 1.000
10000 1.000
10000 1.000
10000 1.000
10000 0.100
10000 1.000
10000 0.151
10000 1.000
10000 1.000
10000 1.000
10000 0.146
10000 0.156
10000 1.000
10000 1.000
10000 0.169
10000 0.120
10000 0.967
10000 0.125
10000 0.117
10000 1.000
10000 0.144
10000 1.000
10000 1.000
10000 1.000
10000 0.133
10000 0.265
10000 1.000
10000 0.784
10000 0.806
10000 0.296
10000 0.651
10000 0.165
10000 0.124
10000 0.144
10000 1.000
10000 1.000
10000 1.000
10000 0.104
10000 0.186
10000 0.213
10000 0.293
10000 1.000
10000 1.000
10000 1.000
10000 0.118
10000 1.000
10000 0.175
10000 1.000
10000 0.112
10000 1.000
10000 1.000
10000 1.000
10000 1.000
10000 0.981
10000 1.000
10000 0.094
10000 1.000
10000 1.000
10000 0.450
10000 0.126
10000 1.000
10000 0.109
10000 1.000
10000 0.138
10000 1.000
10000 0.107
10000 1.000
10000 0.552
10000 0.982
10000 1.000
10000 0.137
10000 1.000
10000 0.131
10000 1.000
10000 0.868
10000 1.000
10000 0.226
10000 1.000
10000 0.217
10000 1.000
10000 1.000
10000 0.202
10000 0.994
10000 0.299
10000 0.093
10000 1.000
10000 1.000
10000 1.000
10000 1.000
10000 1.000
10000 1.000
10000 1.000
10000 0.192
10000 1.000
10000 1.000
10000 1.000
10000 1.000
10000 0.148
10000 0.240
10000 0.106
10000 1.000
10000 0.000
10000 1.000
10000 0.981
10000 1.000
10000 0.180
10000 0.119
10000 1.000
10000 1.000
10000 1.000
10000 0.130
10000 1.000
10000 1.000
10000 1.000
10000 1.000
10000 1.000
10000 0.217
10000 0.997
10000 1.000
10000 0.090
10000 1.000
10000 1.000
10000 1.000
10000 0.151
10000 1.000
10000 1.000
10000 1.000
10000 1.000
10000 1.000
10000 0.094
10000 0.985
10000 0.193
10000 1.000
10000 0.195
10000 0.995
10000 1.000
10000 1.000
10000 0.987
10000 1.000
10000 1.000
10000 1.000
10000 1.000
10000 1.000
10000 0.955
10000 1.000
10000 1.000
10000 0.733
10000 1.000
10000 1.000
10000 1.000
10000 1.000
10000 1.000
10000 1.000
10000 0.146
10000 1.000
10000 1.000
10000 0.138
10000 1.000
10000 0.337
10000 1.000
10000 1.000
10000 1.000
10000 1.000
10000 1.000
10000 1.000
10000 0.163
10000 1.000
10000 0.103
10000 0.150
10000 0.133
10000 1.000
10000 0.952
10000 0.137
10000 0.157
10000 0.135
10000 0.222
10000 1.000
10000 1.000
10000 1.000
10000 1.000
10000 1.000
10000 1.000
10000 0.100
10000 1.000
10000 1.000
10000 1.000
10000 1.000
10000 1.000
10000 1.000
10000 1.000
10000 1.000
10000 0.213
10000 0.110
10000 0.203
10000 1.000
