10000 1.000
10000 1.000
10000 1.000
10000 1.000
10000 1.000
10000 1.000
10000 0.178
10000 0.174
10000 1.000
10000 1.000
10000 1.000
10000 0.248
10000 0.225
10000 1.000
10000 1.000
10000 1.000
10000 1.000
10000 1.000
10000 1.000
10000 0.203
10000 0.285
10000 1.000
10000 0.559
10000 0.295
10000 1.000
10000 1.000
10000 1.000
10000 1.000
10000 1.000
10000 0.236
10000 0.254
10000 1.000
10000 1.000
10000 0.269
10000 1.000
10000 0.269
10000 1.000
10000 1.000
10000 0.941
10000 1.000
10000 1.000
10000 0.194
10000 0.255
10000 1.000
10000 0.746
10000 1.000
10000 1.000
10000 0.861
10000 0.171
10000 0.895
10000 1.000
10000 1.000
10000 1.000
10000 1.000
10000 1.000
10000 0.289
10000 1.000
10000 0.962
10000 0.231
10000 0.215
10000 0.212
10000 0.327
10000 0.206
10000 0.324
10000 0.189
10000 1.000
10000 1.000
10000 0.320
10000 0.182
10000 0.738
10000 0.175
10000 0.249
10000 1.000
10000 1.000
10000 1.000
10000 1.000
10000 0.193
10000 0.227
10000 0.179
10000 0.355
10000 1.000
10000 0.228
10000 1.000
10000 1.000
10000 1.000
10000 1.000
10000 1.000
10000 1.000
10000 1.000
10000 0.965
10000 1.000
10000 1.000
10000 1.000
10000 1.000
10000 0.291
10000 1.000
10000 0.250
10000 0.948
10000 1.000
10000 0.143
10000 0.173
10000 1.000
10000 1.000
10000 0.727
10000 1.000
10000 1.000
10000 0.306
10000 0.233
10000 0.191
10000 0.198
10000 1.000
10000 0.221
10000 1.000
10000 1.000
10000 1.000
10000 0.185
10000 0.248
10000 1.000
10000 0.184
10000 1.000
10000 1.000
10000 1.000
10000 1.000
10000 0.201
10000 0.246
10000 0.220
10000 1.000
10000 1.000
10000 1.000
10000 1.000
10000 0.207
10000 0.217
10000 1.000
10000 0.284
10000 1.000
10000 1.000
10000 1.000
10000 1.000
10000 1.000
10000 1.000
10000 0.199
10000 1.000
10000 0.217
10000 0.420
10000 0.207
10000 1.000
10000 0.191
10000 1.000
10000 1.000
10000 0.581
10000 0.230
10000 1.000
10000 1.000
10000 1.000
10000 0.159
10000 1.000
10000 1.000
10000 1.000
10000 1.000
10000 0.682
10000 1.000
10000 0.373
10000 1.000
10000 1.000
10000 0.291
10000 1.000
10000 1.000
10000 0.219
10000 0.303
10000 1.000
10000 1.000
10000 1.000
10000 1.000
10000 1.000
10000 1.000
10000 1.000
10000 1.000
10000 1.000
10000 1.000
10000 1.000
10000 0.184
10000 0.190
10000 0.255
10000 0.174
10000 0.224
10000 1.000
10000 0.754
10000 0.252
10000 0.175
10000 1.000
10000 1.000
10000 1.000
10000 0.905
10000 1.000
10000 0.150
10000 1.000
10000 0.243
10000 1.000
10000 1.000
10000 1.000
10000 1.000
10000 1.000
10000 0.188
10000 0.133
10000 1.000
10000 0.475
10000 1.000
10000 1.000
10000 0.219
10000 1.000
10000 0.260
10000 1.000
10000 1.000
10000 1.000
10000 1.000
10000 0.184
10000 0.233
10000 1.000
10000 0.983
10000 0.192
10000 0.674
10000 1.000
10000 0.312
10000 0.823
10000 0.204
10000 0.194
10000 1.000
10000 0.433
10000 1.000
10000 0.185
10000 1.000
10000 1.000
10000 0.217
10000 0.249
10000 0.135
10000 0.163
10000 1.000
10000 0.438
10000 1.000
10000 0.246
10000 0.372
10000 0.243
10000 0.245
10000 0.567
10000 0.996
10000 0.230
10000 1.000
10000 0.257
10000 0.188
10000 1.000
10000 0.205
10000 0.453
10000 1.000
10000 0.223
10000 1.000
10000 0.335
10000 1.000
10000 0.200
10000 1.000
10000 0.257
10000 1.000
10000 1.000
10000 1.000
10000 1.000
10000 1.000
10000 1.000
10000 1.000
10000 1.000
10000 0.270
10000 1.000
10000 1.000
10000 0.231
10000 0.179
10000 0.147
10000 1.000
10000 0.190
10000 0.273
10000 1.000
10000 1.000
10000 0.123
10000 1.000
10000 0.169
10000 1.000
10000 1.000
10000 0.298
10000 1.000
10000 1.000
10000 1.000
10000 0.853
10000 1.000
10000 1.000
10000 0.206
10000 0.294
10000 0.198
10000 1.000
10000 1.000
10000 1.000
10000 0.277
10000 0.224
10000 0.210
