10000 0.366
10000 0.000
10000 1.000
10000 0.000
10000 1.000
10000 0.000
10000 0.000
10000 0.882
10000 0.000
10000 1.000
10000 0.000
10000 1.000
10000 1.000
10000 1.000
10000 1.000
10000 1.000
10000 1.000
10000 1.000
10000 1.000
10000 0.185
10000 1.000
10000 1.000
10000 1.000
10000 1.000
10000 0.072
10000 1.000
10000 1.000
10000 1.000
10000 1.000
10000 0.026
10000 0.000
10000 1.000
10000 0.020
10000 1.000
10000 1.000
10000 1.000
10000 1.000
10000 1.000
10000 0.153
10000 0.143
10000 1.000
10000 1.000
10000 0.924
10000 1.000
10000 0.310
10000 1.000
10000 1.000
10000 0.098
10000 1.000
10000 1.000
10000 1.000
10000 0.135
10000 1.000
10000 0.202
10000 1.000
10000 1.000
10000 1.000
10000 0.914
10000 0.000
10000 0.000
10000 1.000
10000 0.590
10000 1.000
10000 1.000
10000 0.000
10000 1.000
10000 1.000
10000 0.179
10000 1.000
10000 1.000
10000 1.000
10000 0.260
10000 1.000
10000 1.000
10000 1.000
10000 1.000
10000 0.987
10000 1.000
10000 0.000
10000 1.000
10000 1.000
10000 1.000
10000 1.000
10000 0.021
10000 0.009
10000 1.000
10000 0.101
10000 1.000
10000 1.000
10000 0.180
10000 0.241
10000 1.000
10000 1.000
10000 1.000
10000 0.014
10000 1.000
10000 0.122
10000 0.959
10000 1.000
10000 1.000
10000 1.000
10000 1.000
10000 0.024
10000 1.000
10000 0.000
10000 1.000
10000 1.000
10000 1.000
10000 1.000
10000 1.000
10000 1.000
10000 0.000
10000 1.000
10000 1.000
10000 1.000
10000 0.135
10000 1.000
10000 0.091
10000 1.000
10000 1.000
10000 0.000
10000 1.000
10000 1.000
10000 0.000
10000 1.000
10000 1.000
10000 1.000
10000 1.000
10000 1.000
10000 0.983
10000 1.000
10000 0.130
10000 1.000
10000 1.000
10000 0.970
10000 0.198
10000 0.116
10000 1.000
10000 1.000
10000 1.000
10000 1.000
10000 0.015
10000 0.655
10000 0.846
10000 0.000
10000 1.000
10000 0.071
10000 0.000
10000 1.000
10000 1.000
10000 0.954
10000 1.000
10000 1.000
10000 1.000
10000 1.000
10000 0.181
10000 0.000
10000 1.000
10000 0.006
10000 1.000
10000 1.000
10000 1.000
10000 1.000
10000 0.000
10000 1.000
10000 1.000
10000 1.000
10000 0.950
10000 1.000
10000 0.963
10000 1.000
10000 1.000
10000 0.103
10000 1.000
10000 1.000
10000 1.000
10000 0.127
10000 1.000
10000 1.000
10000 0.995
10000 1.000
10000 1.000
10000 1.000
10000 0.194
10000 1.000
10000 1.000
10000 0.694
10000 0.094
10000 1.000
10000 1.000
10000 0.000
10000 1.000
10000 1.000
10000 0.179
10000 0.123
10000 1.000
10000 0.189
10000 1.000
10000 0.000
10000 1.000
10000 1.000
10000 1.000
10000 0.188
10000 1.000
10000 1.000
10000 1.000
10000 0.998
10000 1.000
10000 1.000
10000 0.938
10000 0.009
10000 1.000
10000 1.000
10000 1.000
10000 0.079
10000 0.145
10000 1.000
10000 1.000
10000 0.982
10000 1.000
10000 1.000
10000 1.000
10000 1.000
10000 0.770
10000 0.000
10000 1.000
10000 1.000
10000 1.000
10000 0.275
10000 1.000
10000 0.018
10000 1.000
10000 1.000
10000 1.000
10000 1.000
10000 0.000
10000 0.984
10000 0.140
10000 1.000
10000 0.951
10000 0.000
10000 1.000
10000 0.971
10000 1.000
10000 0.994
10000 0.000
10000 1.000
10000 1.000
10000 1.000
10000 1.000
10000 0.000
10000 1.000
10000 1.000
10000 0.094
10000 0.009
10000 0.813
10000 1.000
10000 1.000
10000 1.000
10000 0.935
10000 0.086
10000 0.000
10000 0.951
10000 1.000
10000 1.000
10000 1.000
10000 1.000
10000 0.000
10000 1.000
10000 0.000
10000 1.000
10000 0.009
10000 1.000
10000 0.036
10000 1.000
10000 0.000
10000 0.945
10000 1.000
10000 1.000
10000 1.000
10000 1.000
10000 0.000
10000 1.000
10000 0.000
10000 1.000
10000 1.000
10000 1.000
10000 0.106
10000 1.000
10000 1.000
10000 1.000
10000 1.000
10000 0.178
10000 1.000
10000 1.000
10000 1.000
10000 1.000
10000 1.000
10000 1.000
10000 1.000
