10000 0.000
10000 1.000
10000 1.000
10000 0.000
10000 1.000
10000 1.000
10000 0.000
10000 1.000
10000 0.221
10000 1.000
10000 1.000
10000 1.000
10000 1.000
10000 0.000
10000 1.000
10000 0.000
10000 1.000
10000 0.000
10000 0.000
10000 1.000
10000 1.000
10000 1.000
10000 0.000
10000 0.000
10000 1.000
10000 0.000
10000 0.000
10000 1.000
10000 0.000
10000 1.000
10000 0.000
10000 0.000
10000 1.000
10000 0.000
10000 1.000
10000 0.000
10000 1.000
10000 1.000
10000 0.000
10000 0.143
10000 0.000
10000 0.000
10000 0.000
10000 1.000
10000 0.000
10000 0.675
10000 1.000
10000 1.000
10000 1.000
10000 1.000
10000 0.989
10000 1.000
10000 0.000
10000 0.000
10000 0.156
10000 1.000
10000 0.000
10000 1.000
10000 1.000
10000 0.000
10000 1.000
10000 0.000
10000 1.000
10000 0.000
10000 0.000
10000 0.000
10000 1.000
10000 1.000
10000 0.235
10000 1.000
10000 0.000
10000 0.000
10000 0.000
10000 1.000
10000 1.000
10000 1.000
10000 0.000
10000 0.000
10000 1.000
10000 1.000
10000 0.000
10000 0.028
10000 1.000
10000 0.000
10000 1.000
10000 0.000
10000 0.000
10000 1.000
10000 1.000
10000 0.000
10000 1.000
10000 1.000
10000 1.000
10000 0.000
10000 0.424
10000 0.000
10000 1.000
10000 1.000
10000 1.000
10000 1.000
10000 1.000
10000 1.000
10000 1.000
10000 1.000
10000 1.000
10000 1.000
10000 1.000
10000 1.000
10000 0.527
10000 1.000
10000 0.000
10000 0.000
10000 0.000
10000 0.000
10000 1.000
10000 1.000
10000 0.000
10000 1.000
10000 0.000
10000 1.000
10000 0.000
10000 0.000
10000 0.000
10000 1.000
10000 1.000
10000 0.000
10000 0.000
10000 1.000
10000 0.000
10000 1.000
10000 0.000
10000 0.000
10000 1.000
10000 0.000
10000 0.000
10000 0.000
10000 1.000
10000 1.000
10000 1.000
10000 1.000
10000 0.000
10000 1.000
10000 0.000
10000 1.000
10000 1.000
10000 1.000
10000 1.000
10000 0.259
10000 1.000
10000 1.000
10000 0.000
10000 1.000
10000 1.000
10000 1.000
10000 0.000
10000 0.000
10000 0.000
10000 0.000
10000 1.000
10000 1.000
10000 1.000
10000 0.000
10000 0.000
10000 0.286
10000 0.000
10000 1.000
10000 0.000
10000 1.000
10000 1.000
10000 0.000
10000 1.000
10000 1.000
10000 1.000
10000 1.000
10000 0.000
10000 1.000
10000 0.000
10000 0.000
10000 0.000
10000 1.000
10000 1.000
10000 1.000
10000 1.000
10000 1.000
10000 0.000
10000 1.000
10000 1.000
10000 0.000
10000 0.000
10000 0.000
10000 0.000
10000 1.000
10000 1.000
10000 0.000
10000 0.000
10000 0.479
10000 1.000
10000 1.000
10000 1.000
10000 0.000
10000 1.000
10000 1.000
10000 0.180
10000 1.000
10000 0.000
10000 0.011
10000 1.000
10000 1.000
10000 1.000
10000 0.000
10000 1.000
10000 0.136
10000 1.000
10000 0.000
10000 0.000
10000 0.000
10000 0.954
10000 1.000
10000 0.000
10000 1.000
10000 1.000
10000 0.000
10000 1.000
10000 0.120
10000 0.000
10000 0.000
10000 1.000
10000 1.000
10000 1.000
10000 0.000
10000 0.000
10000 1.000
10000 1.000
10000 1.000
10000 0.000
10000 1.000
10000 0.000
10000 1.000
10000 0.000
10000 1.000
10000 0.000
10000 1.000
10000 1.000
10000 1.000
10000 0.000
10000 1.000
10000 1.000
10000 1.000
10000 0.000
10000 0.015
10000 0.000
10000 1.000
10000 0.000
10000 0.000
10000 0.000
10000 0.000
10000 1.000
10000 1.000
10000 0.000
10000 1.000
10000 1.000
10000 0.000
10000 1.000
10000 1.000
10000 1.000
10000 0.000
10000 1.000
10000 0.000
10000 0.000
10000 0.000
10000 0.000
10000 1.000
10000 0.000
10000 0.000
10000 0.000
10000 0.000
10000 1.000
10000 1.000
10000 1.000
10000 0.000
10000 0.000
10000 0.000
10000 1.000
10000 0.000
10000 1.000
10000 0.000
10000 1.000
10000 1.000
10000 0.000
10000 0.000
10000 1.000
10000 0.000
10000 0.000
10000 0.000
10000 0.000
10000 0.000
10000 0.000
10000 0.000
10000 1.000
10000 1.000
10000 1.000
10000 0.000
10000 1.000
10000 1.000
10000 0.607
10000 1.000
10000 1.000
10000 1.000
10000 1.000
10000 0.000
10000 1.000
10000 0.000
10000 1.000
10000 0.000
10000 0.000
10000 0.000
10000 0.000
10000 1.000
10000 0.000
10000 1.000
10000 1.000
10000 0.000
10000 0.000
10000 1.000
10000 1.000
10000 1.000
10000 0.000
10000 0.000
10000 1.000
10000 0.000
10000 0.000
10000 1.000
10000 1.000
10000 1.000
10000 0.000
10000 1.000
10000 0.000
10000 0.000
10000 0.000
10000 0.000
10000 0.000
10000 1.000
10000 1.000
10000 0.000
10000 1.000
10000 0.000
10000 1.000
10000 1.000
10000 1.000
10000 0.899
10000 0.000
10000 1.000
10000 0.000
10000 0.000
10000 1.000
10000 1.000
10000 1.000
10000 1.000
10000 0.000
10000 0.000
10000 1.000
10000 1.000
10000 1.000
10000 0.824
10000 1.000
10000 0.000
10000 0.000
10000 0.000
10000 0.000
10000 1.000
10000 0.000
10000 1.000
10000 1.000
10000 1.000
10000 0.000
10000 0.000
10000 0.000
10000 0.000
10000 0.000
10000 0.000
10000 0.000
10000 0.000
10000 1.000
10000 1.000
10000 1.000
10000 1.000
10000 0.000
10000 1.000
10000 0.000
10000 0.000
10000 1.000
10000 0.000
10000 1.000
10000 0.988
10000 0.000
10000 0.000
10000 0.000
10000 0.000
10000 1.000
10000 1.000
10000 0.000
10000 0.000
10000 0.000
10000 0.000
10000 1.000
10000 1.000
10000 0.000
10000 0.000
10000 0.000
10000 1.000
10000 0.000
10000 1.000
10000 1.000
10000 1.000
10000 1.000
10000 0.000
10000 0.000
10000 1.000
10000 0.000
10000 0.000
10000 0.000
10000 1.000
10000 1.000
10000 0.000
10000 1.000
10000 0.000
10000 0.000
10000 1.000
10000 1.000
10000 1.000
10000 0.000
10000 1.000
10000 1.000
10000 1.000
10000 0.000
10000 1.000
10000 1.000
10000 0.000
10000 0.000
10000 0.000
10000 1.000
10000 0.116
10000 0.000
10000 1.000
10000 0.000
10000 1.000
10000 0.000
10000 1.000
10000 1.000
10000 1.000
10000 0.000
10000 0.000
10000 0.000
10000 0.000
10000 0.177
10000 1.000
10000 1.000
10000 1.000
10000 1.000
10000 1.000
10000 0.000
10000 0.000
10000 1.000
10000 0.000
10000 1.000
10000 1.000
10000 1.000
10000 1.000
10000 0.000
10000 1.000
10000 1.000
10000 1.000
10000 0.000
10000 1.000
10000 0.000
10000 1.000
10000 0.000
10000 0.000
10000 0.000
10000 0.000
10000 0.000
10000 1.000
10000 0.000
10000 1.000
10000 0.000
10000 1.000
10000 0.000
10000 1.000
10000 0.000
10000 0.000
10000 1.000
10000 0.000
10000 0.000
10000 0.000
10000 0.000
10000 0.000
10000 0.000
10000 0.000
10000 0.000
10000 1.000
