10000 0.425
10000 1.000
10000 1.000
10000 1.000
10000 1.000
10000 1.000
10000 1.000
10000 0.916
10000 0.173
10000 0.334
10000 1.000
10000 1.000
10000 0.977
10000 1.000
10000 0.111
10000 1.000
10000 1.000
10000 1.000
10000 1.000
10000 0.464
10000 1.000
10000 0.197
10000 1.000
10000 0.158
10000 1.000
10000 1.000
10000 1.000
10000 1.000
10000 1.000
10000 0.198
10000 1.000
10000 0.223
10000 1.000
10000 0.282
10000 1.000
10000 0.173
10000 1.000
10000 0.240
10000 1.000
10000 1.000
10000 0.277
10000 1.000
10000 1.000
10000 1.000
10000 0.282
10000 1.000
10000 1.000
10000 0.255
10000 0.180
10000 1.000
10000 1.000
10000 0.251
10000 1.000
10000 1.000
10000 1.000
10000 0.227
10000 1.000
10000 0.332
10000 1.000
10000 1.000
10000 0.251
10000 1.000
10000 0.175
10000 1.000
10000 1.000
10000 1.000
10000 1.000
10000 0.217
10000 1.000
10000 1.000
10000 0.149
10000 1.000
10000 0.225
10000 0.205
10000 0.353
10000 0.208
10000 1.000
10000 1.000
10000 0.144
10000 1.000
10000 0.249
10000 1.000
10000 1.000
10000 1.000
10000 1.000
10000 1.000
10000 1.000
10000 1.000
10000 1.000
10000 1.000
10000 1.000
10000 1.000
10000 0.375
10000 0.272
10000 0.146
10000 1.000
10000 1.000
10000 0.331
10000 1.000
10000 1.000
10000 0.177
10000 1.000
10000 1.000
10000 1.000
10000 1.000
10000 1.000
10000 0.345
10000 1.000
10000 1.000
10000 0.307
10000 0.994
10000 1.000
10000 1.000
10000 0.153
10000 0.192
10000 1.000
10000 1.000
10000 1.000
10000 0.153
10000 1.000
10000 0.161
10000 1.000
10000 0.159
10000 0.196
10000 0.228
10000 1.000
10000 0.153
10000 0.201
10000 1.000
10000 1.000
10000 1.000
10000 0.249
10000 1.000
10000 0.931
10000 1.000
10000 1.000
10000 1.000
10000 1.000
10000 1.000
10000 1.000
10000 1.000
10000 0.173
10000 0.863
10000 1.000
10000 0.324
10000 1.000
10000 0.147
10000 1.000
10000 1.000
10000 1.000
10000 0.219
10000 0.222
10000 0.190
10000 0.233
10000 0.263
10000 0.277
10000 1.000
10000 0.149
10000 0.265
10000 1.000
10000 0.243
10000 1.000
10000 1.000
10000 1.000
10000 1.000
10000 1.000
10000 1.000
10000 1.000
10000 0.237
10000 1.000
10000 0.151
10000 1.000
10000 1.000
10000 1.000
10000 0.260
10000 0.230
10000 1.000
10000 1.000
10000 1.000
10000 0.210
10000 1.000
10000 1.000
10000 1.000
10000 0.136
10000 0.298
10000 1.000
10000 1.000
10000 1.000
10000 1.000
10000 1.000
10000 0.182
10000 1.000
10000 0.460
10000 1.000
10000 1.000
10000 0.185
10000 0.452
10000 1.000
10000 1.000
10000 1.000
10000 1.000
10000 1.000
10000 0.450
10000 1.000
10000 1.000
10000 0.149
10000 1.000
10000 1.000
10000 0.266
10000 1.000
10000 1.000
10000 0.248
10000 1.000
10000 0.314
10000 0.291
10000 1.000
10000 0.154
10000 0.223
10000 0.172
10000 1.000
10000 1.000
10000 1.000
10000 0.296
10000 1.000
10000 1.000
10000 1.000
10000 1.000
10000 1.000
10000 1.000
10000 1.000
10000 0.228
10000 0.144
10000 0.179
10000 0.179
10000 1.000
10000 1.000
10000 0.385
10000 1.000
10000 1.000
10000 0.255
10000 1.000
10000 0.175
10000 1.000
10000 0.438
10000 0.284
10000 1.000
10000 0.359
10000 0.176
10000 0.228
10000 1.000
10000 1.000
10000 0.854
10000 1.000
10000 0.954
10000 1.000
10000 1.000
10000 0.198
10000 1.000
10000 1.000
10000 1.000
10000 1.000
10000 1.000
10000 0.577
10000 1.000
10000 1.000
10000 1.000
10000 0.257
10000 1.000
10000 1.000
10000 1.000
10000 1.000
10000 1.000
10000 0.215
10000 0.149
10000 1.000
10000 1.000
10000 1.000
10000 1.000
10000 1.000
10000 0.165
10000 1.000
10000 1.000
10000 1.000
10000 0.164
10000 0.183
10000 1.000
10000 0.193
10000 0.977
10000 1.000
10000 1.000
10000 1.000
10000 1.000
10000 0.230
10000 0.209
10000 1.000
10000 1.000
10000 0.417
10000 0.246
10000 1.000
10000 1.000
