10000 1.000
10000 1.000
10000 1.000
10000 1.000
10000 1.000
10000 1.000
10000 1.000
10000 1.000
10000 0.199
10000 1.000
10000 1.000
10000 1.000
10000 0.163
10000 1.000
10000 0.222
10000 0.217
10000 1.000
10000 1.000
10000 1.000
10000 1.000
10000 1.000
10000 1.000
10000 1.000
10000 0.184
10000 0.134
10000 1.000
10000 1.000
10000 0.197
10000 1.000
10000 1.000
10000 1.000
10000 0.175
10000 1.000
10000 1.000
10000 1.000
10000 1.000
10000 1.000
10000 0.170
10000 1.000
10000 0.546
10000 1.000
10000 0.559
10000 1.000
10000 1.000
10000 0.252
10000 0.733
10000 0.225
10000 1.000
10000 1.000
10000 0.201
10000 0.191
10000 1.000
10000 1.000
10000 0.194
10000 1.000
10000 1.000
10000 1.000
10000 1.000
10000 1.000
10000 1.000
10000 0.217
10000 1.000
10000 1.000
10000 1.000
10000 0.297
10000 1.000
10000 0.184
10000 0.215
10000 1.000
10000 1.000
10000 1.000
10000 1.000
10000 0.135
10000 1.000
10000 0.867
10000 1.000
10000 1.000
10000 0.267
10000 0.382
10000 0.151
10000 1.000
10000 1.000
10000 1.000
10000 1.000
10000 1.000
10000 1.000
10000 0.300
10000 1.000
10000 1.000
10000 0.259
10000 0.274
10000 1.000
10000 0.214
10000 0.897
10000 0.184
10000 0.289
10000 1.000
10000 1.000
10000 1.000
10000 0.276
10000 1.000
10000 1.000
10000 1.000
10000 0.155
10000 1.000
10000 1.000
10000 0.175
10000 1.000
10000 0.149
10000 1.000
10000 1.000
10000 1.000
10000 1.000
10000 0.250
10000 0.208
10000 1.000
10000 0.222
10000 0.261
10000 1.000
10000 1.000
10000 1.000
10000 0.315
10000 0.185
10000 1.000
10000 1.000
10000 0.770
10000 0.259
10000 1.000
10000 0.424
10000 0.202
10000 0.202
10000 1.000
10000 1.000
10000 0.589
10000 1.000
10000 1.000
10000 1.000
10000 1.000
10000 0.239
10000 0.196
10000 0.298
10000 1.000
10000 0.392
10000 0.222
10000 1.000
10000 0.279
10000 1.000
10000 0.224
10000 0.227
10000 1.000
10000 1.000
10000 1.000
10000 0.242
10000 1.000
10000 0.307
10000 1.000
10000 0.179
10000 0.157
10000 1.000
10000 0.387
10000 0.297
10000 0.255
10000 0.180
10000 0.171
10000 0.184
10000 1.000
10000 1.000
10000 0.534
10000 1.000
10000 0.213
10000 1.000
10000 1.000
10000 1.000
10000 0.801
10000 1.000
10000 1.000
10000 0.464
10000 0.154
10000 0.272
10000 0.187
10000 1.000
10000 0.307
10000 1.000
10000 1.000
10000 1.000
10000 0.246
10000 1.000
10000 1.000
10000 1.000
10000 1.000
10000 0.219
10000 0.302
10000 1.000
10000 0.957
10000 0.269
10000 1.000
10000 1.000
10000 0.247
10000 1.000
10000 1.000
10000 0.211
10000 1.000
10000 1.000
10000 0.308
10000 0.127
10000 1.000
10000 1.000
10000 1.000
10000 0.144
10000 1.000
10000 0.253
10000 0.335
10000 1.000
10000 1.000
10000 1.000
10000 0.173
10000 0.186
10000 1.000
10000 1.000
10000 1.000
10000 0.171
10000 0.371
10000 0.161
10000 0.383
10000 0.195
10000 0.334
10000 1.000
10000 1.000
10000 1.000
10000 1.000
10000 1.000
10000 1.000
10000 0.171
10000 0.211
10000 1.000
10000 1.000
10000 0.140
10000 0.176
10000 0.219
10000 0.501
10000 0.191
10000 0.216
10000 0.238
10000 1.000
10000 0.193
10000 0.220
10000 0.632
10000 1.000
10000 1.000
10000 1.000
10000 1.000
10000 0.206
10000 1.000
10000 0.293
10000 1.000
10000 0.466
10000 1.000
10000 0.185
10000 1.000
10000 0.337
10000 1.000
10000 1.000
10000 1.000
10000 1.000
10000 1.000
10000 1.000
10000 0.269
10000 1.000
10000 1.000
10000 0.227
10000 0.254
10000 0.266
10000 0.233
10000 1.000
10000 0.141
10000 1.000
10000 1.000
10000 0.236
10000 1.000
10000 1.000
10000 0.243
10000 0.266
10000 0.256
10000 1.000
10000 0.330
10000 1.000
10000 1.000
10000 1.000
10000 0.313
10000 1.000
10000 1.000
10000 0.187
10000 1.000
10000 1.000
10000 1.000
10000 1.000
10000 1.000
10000 1.000
10000 1.000
10000 0.253
10000 0.268
10000 1.000
10000 1.000
10000 0.157
10000 1.000
10000 1.000
10000 0.211
10000 0.095
10000 0.213
10000 1.000
10000 1.000
10000 0.294
10000 0.269
10000 1.000
10000 1.000
10000 0.318
10000 1.000
10000 0.309
10000 0.197
10000 1.000
10000 1.000
10000 0.258
10000 0.262
10000 0.144
10000 1.000
10000 0.300
10000 1.000
10000 0.220
10000 1.000
10000 0.314
10000 1.000
10000 1.000
10000 1.000
10000 1.000
10000 1.000
10000 0.169
10000 0.236
10000 0.458
10000 0.195
10000 1.000
10000 1.000
10000 0.205
10000 0.149
10000 1.000
10000 1.000
10000 1.000
10000 0.194
10000 0.192
10000 1.000
10000 0.359
10000 1.000
10000 1.000
10000 0.274
10000 1.000
10000 1.000
10000 0.205
10000 0.247
10000 0.255
10000 1.000
10000 1.000
10000 1.000
10000 1.000
10000 0.227
10000 1.000
10000 0.223
10000 1.000
10000 0.210
10000 0.971
10000 0.179
10000 0.203
10000 1.000
10000 1.000
10000 1.000
10000 1.000
10000 0.179
10000 1.000
10000 1.000
10000 0.239
10000 1.000
10000 0.316
10000 0.223
10000 1.000
10000 1.000
10000 0.286
10000 1.000
10000 0.233
10000 0.169
10000 1.000
10000 0.522
10000 0.179
10000 0.145
10000 1.000
10000 0.170
10000 0.219
10000 1.000
10000 0.235
10000 1.000
10000 1.000
10000 0.238
10000 1.000
10000 1.000
10000 1.000
10000 0.376
10000 1.000
10000 0.273
10000 1.000
10000 0.148
10000 1.000
10000 0.281
10000 1.000
10000 1.000
10000 1.000
10000 1.000
10000 0.202
10000 0.166
10000 1.000
10000 0.859
10000 1.000
10000 0.561
10000 1.000
10000 1.000
10000 1.000
10000 1.000
10000 0.183
10000 1.000
10000 1.000
10000 0.187
10000 0.274
10000 1.000
10000 1.000
10000 1.000
10000 0.623
10000 1.000
10000 1.000
10000 0.228
10000 0.596
10000 0.333
10000 0.237
10000 1.000
10000 0.312
10000 1.000
10000 1.000
10000 0.281
10000 1.000
10000 0.641
10000 1.000
10000 0.176
10000 1.000
10000 1.000
10000 0.444
10000 0.349
10000 1.000
10000 1.000
10000 0.150
10000 0.285
10000 1.000
10000 1.000
10000 0.172
10000 0.207
10000 1.000
10000 0.195
10000 0.181
10000 0.148
10000 1.000
10000 1.000
10000 0.189
10000 0.198
10000 1.000
10000 1.000
10000 1.000
10000 1.000
10000 1.000
10000 0.303
10000 0.221
10000 1.000
10000 1.000
10000 0.301
10000 1.000
10000 0.200
10000 1.000
10000 1.000
10000 0.181
10000 1.000
10000 0.262
10000 0.225
10000 1.000
10000 0.451
10000 1.000
10000 1.000
10000 0.203
10000 0.204
10000 1.000
10000 0.260
10000 1.000
10000 0.304
10000 1.000
10000 1.000
10000 0.986
10000 1.000
10000 0.206
