10000 1.000
10000 1.000
10000 1.000
10000 0.849
10000 1.000
10000 1.000
10000 1.000
10000 1.000
10000 0.906
10000 0.141
10000 1.000
10000 1.000
10000 0.208
10000 0.181
10000 1.000
10000 0.136
10000 1.000
10000 1.000
10000 1.000
10000 1.000
10000 0.246
10000 1.000
10000 1.000
10000 0.140
10000 1.000
10000 1.000
10000 0.100
10000 1.000
10000 1.000
10000 1.000
10000 0.109
10000 1.000
10000 1.000
10000 1.000
10000 0.209
10000 1.000
10000 0.176
10000 1.000
10000 1.000
10000 1.000
10000 0.000
10000 1.000
10000 1.000
10000 1.000
10000 0.114
10000 1.000
10000 1.000
10000 0.000
10000 1.000
10000 1.000
10000 0.161
10000 0.100
10000 0.178
10000 1.000
10000 1.000
10000 1.000
10000 1.000
10000 0.308
10000 1.000
10000 1.000
10000 1.000
10000 1.000
10000 1.000
10000 1.000
10000 1.000
10000 0.000
10000 1.000
10000 1.000
10000 0.404
10000 1.000
10000 1.000
10000 0.292
10000 0.183
10000 0.092
10000 1.000
10000 0.121
10000 0.105
10000 1.000
10000 1.000
10000 1.000
10000 1.000
10000 1.000
10000 0.160
10000 1.000
10000 0.165
10000 0.194
10000 1.000
10000 1.000
10000 0.249
10000 1.000
10000 0.144
10000 0.139
10000 1.000
10000 0.138
10000 0.806
10000 0.487
10000 0.220
10000 1.000
10000 1.000
10000 0.235
10000 1.000
10000 1.000
10000 1.000
10000 1.000
10000 1.000
10000 0.216
10000 0.281
10000 0.353
10000 1.000
10000 1.000
10000 0.131
10000 1.000
10000 1.000
10000 1.000
10000 1.000
10000 0.246
10000 0.265
10000 0.168
10000 0.492
10000 0.177
10000 1.000
10000 1.000
10000 1.000
10000 0.233
10000 1.000
10000 0.202
10000 1.000
10000 1.000
10000 0.357
10000 0.056
10000 1.000
10000 1.000
10000 0.082
10000 0.179
10000 1.000
10000 0.172
10000 1.000
10000 0.142
10000 0.152
10000 1.000
10000 1.000
10000 1.000
10000 0.155
10000 0.117
10000 1.000
10000 0.129
10000 1.000
10000 1.000
10000 1.000
10000 0.101
10000 0.446
10000 1.000
10000 0.249
10000 0.135
10000 1.000
10000 1.000
10000 1.000
10000 0.249
10000 0.175
10000 1.000
10000 1.000
10000 0.154
10000 0.160
10000 0.811
10000 0.320
10000 1.000
10000 1.000
10000 1.000
10000 1.000
10000 1.000
10000 1.000
10000 1.000
10000 0.160
10000 0.251
10000 0.174
10000 1.000
10000 0.350
10000 1.000
10000 1.000
10000 1.000
10000 1.000
10000 0.295
10000 1.000
10000 1.000
10000 0.537
10000 1.000
10000 1.000
10000 0.000
10000 0.258
10000 0.176
10000 0.213
10000 1.000
10000 1.000
10000 0.212
10000 0.106
10000 1.000
10000 1.000
10000 0.000
10000 1.000
10000 0.154
10000 1.000
10000 0.102
10000 0.942
10000 1.000
10000 0.087
10000 0.364
10000 1.000
10000 1.000
10000 0.199
10000 1.000
10000 0.161
10000 1.000
10000 1.000
10000 1.000
10000 0.124
10000 0.096
10000 1.000
10000 0.739
10000 1.000
10000 1.000
10000 0.145
10000 1.000
10000 1.000
10000 0.248
10000 0.265
10000 1.000
10000 0.111
10000 0.434
10000 1.000
10000 1.000
10000 1.000
10000 0.168
10000 1.000
10000 1.000
10000 0.223
10000 0.730
10000 1.000
10000 1.000
10000 1.000
10000 1.000
10000 0.621
10000 1.000
10000 1.000
10000 1.000
10000 1.000
10000 1.000
10000 0.299
10000 1.000
10000 1.000
10000 1.000
10000 1.000
10000 1.000
10000 1.000
10000 1.000
10000 0.145
10000 1.000
10000 0.167
10000 1.000
10000 1.000
10000 1.000
10000 1.000
10000 0.133
10000 1.000
10000 1.000
10000 0.238
10000 1.000
10000 0.060
10000 0.165
10000 1.000
10000 0.106
10000 1.000
10000 1.000
10000 1.000
10000 1.000
10000 1.000
10000 0.156
10000 0.155
10000 1.000
10000 1.000
10000 0.114
10000 1.000
10000 1.000
10000 1.000
10000 1.000
10000 1.000
10000 1.000
10000 0.229
10000 1.000
10000 0.108
10000 1.000
10000 0.215
10000 1.000
10000 1.000
10000 0.158
10000 0.164
10000 1.000
10000 0.355
10000 1.000
10000 1.000
10000 1.000
10000 1.000
10000 1.000
10000 0.340
10000 1.000
10000 1.000
10000 1.000
10000 1.000
10000 1.000
10000 1.000
10000 1.000
10000 1.000
10000 0.208
10000 1.000
10000 1.000
10000 0.000
10000 0.145
10000 0.840
10000 1.000
10000 0.207
10000 1.000
10000 0.232
10000 1.000
10000 1.000
10000 0.118
10000 0.111
10000 1.000
10000 1.000
10000 0.119
10000 1.000
10000 0.086
10000 1.000
10000 0.067
10000 0.232
10000 0.196
10000 1.000
10000 1.000
10000 0.108
10000 1.000
10000 1.000
10000 1.000
10000 0.173
10000 1.000
10000 1.000
10000 1.000
10000 1.000
10000 0.184
10000 1.000
10000 1.000
10000 0.215
10000 1.000
10000 0.089
10000 1.000
10000 1.000
10000 1.000
10000 1.000
10000 1.000
10000 0.134
10000 1.000
10000 1.000
10000 1.000
10000 0.771
10000 1.000
10000 1.000
10000 0.908
10000 1.000
10000 0.175
10000 0.000
10000 1.000
10000 1.000
10000 0.228
10000 1.000
10000 0.189
10000 1.000
10000 1.000
10000 1.000
10000 0.132
10000 0.173
10000 1.000
10000 1.000
10000 1.000
10000 1.000
10000 1.000
10000 1.000
10000 0.138
10000 0.175
10000 0.219
10000 0.162
10000 0.143
10000 0.316
10000 0.101
10000 1.000
10000 1.000
10000 0.000
10000 1.000
10000 0.203
10000 0.325
10000 1.000
10000 0.160
10000 1.000
10000 1.000
10000 1.000
10000 0.250
10000 0.156
10000 1.000
10000 1.000
10000 0.166
10000 1.000
10000 0.250
10000 1.000
10000 0.247
10000 0.220
10000 0.152
10000 0.000
10000 0.201
10000 1.000
10000 0.183
10000 1.000
10000 1.000
10000 1.000
10000 0.229
10000 1.000
10000 1.000
10000 0.190
10000 1.000
10000 1.000
10000 1.000
10000 0.237
10000 1.000
10000 0.213
10000 1.000
10000 1.000
10000 1.000
10000 1.000
10000 1.000
10000 1.000
10000 1.000
10000 1.000
10000 1.000
10000 0.188
10000 1.000
10000 1.000
10000 0.910
10000 0.153
10000 1.000
10000 1.000
10000 1.000
10000 1.000
10000 1.000
10000 1.000
10000 1.000
10000 1.000
10000 1.000
10000 0.105
10000 0.184
10000 0.307
10000 0.297
10000 0.069
10000 1.000
10000 1.000
10000 1.000
10000 0.000
10000 1.000
10000 1.000
10000 0.125
10000 0.000
10000 0.179
10000 1.000
10000 1.000
10000 1.000
10000 0.118
10000 0.113
10000 0.194
10000 0.215
10000 0.615
10000 1.000
10000 1.000
10000 1.000
10000 1.000
10000 1.000
10000 1.000
10000 1.000
10000 0.181
10000 0.132
10000 1.000
10000 1.000
10000 0.115
10000 1.000
10000 0.154
10000 0.171
10000 1.000
10000 0.261
10000 0.192
10000 0.156
10000 0.356
10000 0.207
10000 0.208
10000 1.000
10000 1.000
10000 1.000
10000 1.000
