10000 1.000
10000 1.000
10000 1.000
10000 1.000
10000 1.000
10000 0.000
10000 0.000
10000 0.000
10000 1.000
10000 0.000
10000 1.000
10000 0.000
10000 1.000
10000 1.000
10000 0.000
10000 0.000
10000 0.000
10000 1.000
10000 1.000
10000 1.000
10000 0.000
10000 1.000
10000 0.000
10000 1.000
10000 0.000
10000 1.000
10000 0.000
10000 1.000
10000 0.000
10000 1.000
10000 1.000
10000 1.000
10000 1.000
10000 0.000
10000 1.000
10000 0.000
10000 0.000
10000 1.000
10000 0.000
10000 1.000
10000 0.000
10000 0.000
10000 1.000
10000 0.000
10000 1.000
10000 1.000
10000 1.000
10000 0.000
10000 1.000
10000 0.000
10000 1.000
10000 1.000
10000 0.000
10000 0.000
10000 1.000
10000 1.000
10000 1.000
10000 0.000
10000 1.000
10000 0.000
10000 1.000
10000 0.000
10000 1.000
10000 0.000
10000 0.000
10000 0.000
10000 0.000
10000 1.000
10000 1.000
10000 0.000
10000 1.000
10000 0.000
10000 1.000
10000 1.000
10000 0.891
10000 1.000
10000 0.000
10000 1.000
10000 0.000
10000 1.000
10000 1.000
10000 1.000
10000 0.000
10000 0.000
10000 0.000
10000 1.000
10000 0.000
10000 0.000
10000 0.000
10000 0.000
10000 0.000
10000 0.000
10000 0.000
10000 1.000
10000 0.000
10000 0.000
10000 1.000
10000 0.000
10000 0.000
10000 0.000
10000 1.000
10000 0.000
10000 0.000
10000 0.000
10000 0.000
10000 1.000
10000 1.000
10000 0.000
10000 0.000
10000 0.000
10000 0.000
10000 1.000
10000 0.000
10000 0.000
10000 0.000
10000 1.000
10000 1.000
10000 0.000
10000 0.000
10000 0.000
10000 0.000
10000 0.000
10000 1.000
10000 1.000
10000 0.000
10000 1.000
10000 1.000
10000 1.000
10000 1.000
10000 0.000
10000 0.000
10000 0.000
10000 0.000
10000 0.367
10000 1.000
10000 0.000
10000 0.000
10000 0.000
10000 0.000
10000 0.016
10000 0.000
10000 0.000
10000 0.199
10000 0.000
10000 0.000
10000 1.000
10000 0.000
10000 0.000
10000 0.000
10000 0.000
10000 0.000
10000 1.000
10000 1.000
10000 0.000
10000 0.000
10000 0.000
10000 1.000
10000 0.000
10000 0.000
10000 1.000
10000 1.000
10000 0.000
10000 0.000
10000 0.000
10000 0.000
10000 0.000
10000 0.000
10000 1.000
10000 0.000
10000 0.000
10000 0.000
10000 0.000
10000 0.000
10000 0.599
10000 0.000
10000 1.000
10000 0.000
10000 1.000
10000 0.000
10000 0.000
10000 1.000
10000 0.000
10000 0.000
10000 0.000
10000 0.000
10000 0.000
10000 1.000
10000 0.000
10000 1.000
10000 0.000
10000 0.000
10000 0.000
10000 1.000
10000 0.000
10000 1.000
10000 0.000
10000 1.000
10000 1.000
10000 1.000
10000 1.000
10000 0.000
10000 1.000
10000 0.000
10000 0.000
10000 0.000
10000 1.000
10000 1.000
10000 0.000
10000 1.000
10000 1.000
10000 1.000
10000 1.000
10000 0.000
10000 1.000
10000 0.000
10000 0.000
10000 1.000
10000 0.000
10000 1.000
10000 1.000
10000 0.000
10000 0.000
10000 0.000
10000 0.000
10000 0.000
10000 0.000
10000 0.000
10000 1.000
10000 0.000
10000 1.000
10000 0.000
10000 0.000
10000 0.000
10000 0.000
10000 0.000
10000 1.000
10000 1.000
10000 1.000
10000 0.000
10000 0.000
10000 1.000
10000 1.000
10000 1.000
10000 0.000
10000 1.000
10000 0.000
10000 1.000
10000 1.000
10000 0.000
10000 1.000
10000 0.000
10000 0.000
10000 0.000
10000 0.000
10000 1.000
10000 0.000
10000 1.000
10000 1.000
10000 0.000
10000 0.000
10000 1.000
10000 1.000
10000 0.000
10000 0.000
10000 0.000
10000 0.000
10000 0.000
10000 1.000
10000 1.000
10000 0.000
10000 0.000
10000 1.000
10000 1.000
10000 0.000
10000 1.000
10000 0.000
10000 0.000
10000 0.000
10000 0.000
10000 1.000
10000 0.000
10000 1.000
10000 0.000
10000 0.000
10000 0.000
10000 1.000
10000 0.000
10000 0.000
10000 0.000
10000 0.000
10000 0.000
10000 1.000
10000 0.000
10000 0.000
10000 1.000
10000 0.000
10000 0.000
10000 1.000
10000 1.000
10000 0.000
10000 0.000
10000 0.000
10000 1.000
10000 0.000
10000 0.000
10000 1.000
10000 1.000
10000 1.000
10000 0.000
10000 0.000
10000 1.000
10000 0.000
10000 1.000
10000 1.000
10000 1.000
10000 0.000
10000 1.000
10000 1.000
10000 0.000
10000 0.000
10000 0.000
10000 1.000
10000 0.000
10000 1.000
10000 0.000
10000 0.000
10000 0.000
10000 0.000
10000 1.000
10000 0.000
10000 1.000
10000 0.000
10000 1.000
10000 1.000
10000 0.000
10000 1.000
10000 1.000
10000 1.000
10000 0.000
10000 0.000
10000 1.000
10000 0.000
10000 1.000
10000 0.000
10000 1.000
10000 1.000
10000 1.000
10000 1.000
10000 0.000
10000 0.930
10000 1.000
10000 1.000
10000 0.000
10000 0.000
10000 0.000
10000 1.000
10000 0.000
10000 0.000
10000 0.000
10000 0.000
10000 0.000
10000 1.000
10000 0.000
10000 0.000
10000 0.000
10000 0.000
10000 1.000
10000 0.000
10000 1.000
10000 1.000
10000 0.000
10000 0.000
10000 1.000
10000 0.000
10000 0.000
10000 0.000
10000 0.000
10000 0.000
10000 1.000
10000 1.000
10000 1.000
10000 1.000
10000 1.000
10000 0.000
10000 0.000
10000 0.000
10000 1.000
10000 0.000
10000 1.000
10000 0.000
10000 1.000
10000 0.000
10000 0.000
10000 0.000
10000 1.000
10000 0.000
10000 1.000
10000 1.000
10000 0.000
10000 1.000
10000 1.000
10000 1.000
10000 0.000
10000 0.000
10000 1.000
10000 0.000
10000 0.000
10000 0.000
10000 1.000
10000 1.000
10000 1.000
10000 0.000
10000 0.000
10000 1.000
10000 0.000
10000 0.000
10000 0.000
10000 0.000
10000 1.000
10000 0.000
10000 0.000
10000 0.997
10000 1.000
10000 0.000
10000 0.000
10000 0.000
10000 0.000
10000 0.000
10000 0.000
10000 1.000
10000 1.000
10000 0.311
10000 0.000
10000 1.000
10000 0.000
10000 0.970
10000 0.000
10000 1.000
10000 1.000
10000 1.000
10000 0.000
10000 0.000
10000 0.000
10000 1.000
10000 0.000
10000 1.000
10000 0.000
10000 1.000
10000 0.000
10000 0.000
10000 0.000
10000 0.820
10000 0.000
10000 0.000
10000 1.000
10000 0.000
10000 1.000
10000 0.000
10000 0.000
10000 0.000
10000 1.000
10000 1.000
10000 0.000
10000 0.000
10000 0.000
10000 0.000
10000 1.000
10000 0.000
10000 1.000
10000 1.000
10000 0.000
10000 1.000
10000 1.000
10000 0.000
10000 1.000
10000 1.000
10000 0.000
10000 1.000
10000 0.000
10000 0.000
10000 1.000
10000 0.000
10000 1.000
10000 1.000
10000 1.000
10000 0.000
10000 0.000
10000 1.000
10000 1.000
10000 1.000
10000 0.000
10000 0.000
10000 1.000
10000 0.000
10000 0.000
10000 0.000
10000 0.000
10000 0.000
10000 0.000
10000 0.000
