10000 1.000
10000 1.000
10000 1.000
10000 1.000
10000 0.222
10000 1.000
10000 0.272
10000 0.498
10000 1.000
10000 1.000
10000 1.000
10000 0.235
10000 0.344
10000 1.000
10000 1.000
10000 1.000
10000 1.000
10000 1.000
10000 1.000
10000 1.000
10000 1.000
10000 1.000
10000 1.000
10000 0.224
10000 1.000
10000 1.000
10000 0.259
10000 0.239
10000 0.207
10000 1.000
10000 1.000
10000 1.000
10000 0.235
10000 0.240
10000 1.000
10000 1.000
10000 0.333
10000 1.000
10000 0.279
10000 1.000
10000 1.000
10000 0.194
10000 1.000
10000 1.000
10000 0.228
10000 0.674
10000 1.000
10000 1.000
10000 1.000
10000 1.000
10000 1.000
10000 1.000
10000 1.000
10000 1.000
10000 1.000
10000 0.224
10000 1.000
10000 1.000
10000 0.512
10000 1.000
10000 0.254
10000 1.000
10000 0.185
10000 0.681
10000 1.000
10000 1.000
10000 0.201
10000 1.000
10000 0.310
10000 1.000
10000 0.174
10000 0.274
10000 0.202
10000 0.403
10000 1.000
10000 1.000
10000 1.000
10000 1.000
10000 0.352
10000 0.241
10000 0.179
10000 0.152
10000 0.224
10000 0.161
10000 1.000
10000 1.000
10000 0.302
10000 1.000
10000 1.000
10000 1.000
10000 0.907
10000 0.249
10000 1.000
10000 0.219
10000 0.146
10000 0.179
10000 1.000
10000 0.295
10000 0.159
10000 1.000
10000 1.000
10000 1.000
10000 1.000
10000 0.192
10000 1.000
10000 1.000
10000 0.245
10000 1.000
10000 0.246
10000 1.000
10000 1.000
10000 1.000
10000 1.000
10000 1.000
10000 0.177
10000 0.159
10000 0.393
10000 1.000
10000 0.143
10000 1.000
10000 1.000
10000 1.000
10000 0.230
10000 1.000
10000 0.252
10000 0.559
10000 1.000
10000 1.000
10000 0.408
10000 1.000
10000 1.000
10000 0.197
10000 0.242
10000 0.745
10000 1.000
10000 0.193
10000 1.000
10000 1.000
10000 0.292
10000 1.000
10000 0.228
10000 0.346
10000 0.424
10000 0.291
10000 0.185
10000 0.301
10000 1.000
10000 1.000
10000 1.000
10000 0.372
10000 1.000
10000 0.158
10000 0.171
10000 1.000
10000 0.312
10000 1.000
10000 0.179
10000 1.000
10000 0.189
10000 0.212
10000 0.203
10000 0.292
10000 1.000
10000 1.000
10000 0.210
10000 0.286
10000 1.000
10000 0.467
10000 1.000
10000 0.968
10000 0.247
10000 1.000
10000 1.000
10000 0.180
10000 0.337
10000 1.000
10000 0.539
10000 1.000
10000 0.221
10000 0.249
10000 0.410
10000 1.000
10000 1.000
10000 0.189
10000 1.000
10000 1.000
10000 0.221
10000 0.192
10000 0.305
10000 0.159
10000 1.000
10000 0.274
10000 0.248
10000 1.000
10000 0.188
10000 1.000
10000 1.000
10000 0.621
10000 1.000
10000 1.000
10000 1.000
10000 1.000
10000 1.000
10000 0.238
10000 1.000
10000 0.236
10000 1.000
10000 1.000
10000 0.256
10000 1.000
10000 1.000
10000 1.000
10000 1.000
10000 1.000
10000 0.202
10000 1.000
10000 0.377
10000 1.000
10000 0.213
10000 0.253
10000 0.202
10000 1.000
10000 0.226
10000 0.369
10000 0.275
10000 1.000
10000 0.282
10000 0.306
10000 1.000
10000 1.000
10000 1.000
10000 1.000
10000 0.170
10000 0.264
10000 0.226
10000 1.000
10000 1.000
10000 1.000
10000 1.000
10000 1.000
10000 0.211
10000 1.000
10000 1.000
10000 0.308
10000 0.179
10000 1.000
10000 0.863
10000 0.271
10000 1.000
10000 0.255
10000 0.284
10000 1.000
10000 1.000
10000 0.251
10000 1.000
10000 1.000
10000 1.000
10000 1.000
10000 0.197
10000 1.000
10000 1.000
10000 1.000
10000 0.228
10000 0.244
10000 0.293
10000 1.000
10000 1.000
10000 1.000
10000 0.147
10000 1.000
10000 0.390
10000 1.000
10000 1.000
10000 0.291
10000 0.310
10000 0.283
10000 0.185
10000 0.231
10000 0.164
10000 1.000
10000 1.000
10000 1.000
10000 0.208
10000 0.221
10000 0.309
10000 1.000
10000 1.000
10000 1.000
10000 0.284
10000 1.000
10000 1.000
10000 0.235
10000 1.000
10000 1.000
10000 1.000
10000 1.000
10000 1.000
10000 0.320
10000 1.000
10000 1.000
10000 0.284
10000 1.000
10000 0.227
10000 0.269
10000 1.000
10000 1.000
10000 1.000
10000 0.185
10000 1.000
10000 1.000
10000 0.212
10000 1.000
10000 0.227
10000 0.388
10000 1.000
10000 0.300
10000 0.326
10000 1.000
10000 0.222
10000 1.000
10000 1.000
10000 0.248
10000 1.000
10000 1.000
10000 1.000
10000 0.157
10000 0.183
10000 1.000
10000 0.269
10000 0.277
10000 1.000
10000 1.000
10000 1.000
10000 0.589
10000 1.000
10000 1.000
10000 1.000
10000 0.206
10000 0.222
10000 0.340
10000 0.204
10000 1.000
10000 0.260
10000 1.000
10000 1.000
10000 1.000
10000 1.000
10000 0.163
10000 1.000
10000 1.000
10000 1.000
10000 1.000
10000 1.000
10000 0.340
10000 0.196
10000 0.222
10000 0.272
10000 1.000
10000 1.000
10000 1.000
10000 0.209
10000 1.000
10000 0.181
10000 1.000
10000 0.260
10000 1.000
10000 1.000
10000 0.378
10000 0.163
10000 1.000
10000 0.244
10000 0.332
10000 1.000
10000 0.258
10000 1.000
10000 1.000
10000 1.000
10000 1.000
10000 0.208
10000 0.374
10000 0.329
10000 0.276
10000 0.422
10000 1.000
10000 1.000
10000 1.000
10000 1.000
10000 0.258
10000 0.135
10000 1.000
10000 0.169
10000 0.221
10000 1.000
10000 0.237
10000 1.000
10000 1.000
10000 1.000
10000 1.000
10000 0.198
10000 0.873
10000 0.272
10000 1.000
10000 0.721
10000 1.000
10000 0.281
10000 1.000
10000 1.000
10000 1.000
10000 1.000
10000 1.000
10000 1.000
10000 1.000
10000 1.000
10000 1.000
10000 1.000
10000 1.000
10000 1.000
10000 0.222
10000 1.000
10000 1.000
10000 1.000
10000 1.000
10000 1.000
10000 1.000
10000 0.340
10000 0.165
10000 1.000
10000 0.215
10000 1.000
10000 0.205
10000 1.000
10000 0.184
10000 1.000
10000 1.000
10000 0.282
10000 1.000
10000 0.191
10000 0.267
10000 1.000
10000 1.000
10000 1.000
10000 0.193
10000 0.213
10000 0.492
10000 0.799
10000 0.189
10000 1.000
10000 1.000
10000 1.000
10000 0.283
10000 1.000
10000 1.000
10000 1.000
10000 0.261
10000 1.000
10000 1.000
10000 1.000
10000 0.407
10000 1.000
10000 1.000
10000 1.000
10000 0.271
10000 1.000
10000 0.580
10000 0.416
10000 0.270
10000 0.180
10000 1.000
10000 0.162
10000 0.223
10000 1.000
10000 1.000
10000 0.262
10000 1.000
10000 0.342
10000 0.210
10000 1.000
10000 1.000
10000 0.253
10000 1.000
10000 1.000
10000 1.000
10000 1.000
10000 1.000
10000 1.000
10000 1.000
10000 0.357
10000 0.217
10000 1.000
10000 1.000
10000 1.000
10000 0.257
10000 0.317
10000 0.163
10000 1.000
10000 1.000
10000 0.407
10000 0.215
10000 0.307
10000 0.222
