10000 0.000
10000 1.000
10000 0.000
10000 1.000
10000 1.000
10000 0.000
10000 0.082
10000 1.000
10000 1.000
10000 1.000
10000 1.000
10000 1.000
10000 0.000
10000 0.000
10000 1.000
10000 0.000
10000 0.075
10000 1.000
10000 1.000
10000 1.000
10000 1.000
10000 1.000
10000 0.000
10000 1.000
10000 1.000
10000 1.000
10000 0.037
10000 0.000
10000 1.000
10000 1.000
10000 0.000
10000 0.002
10000 1.000
10000 1.000
10000 0.026
10000 1.000
10000 1.000
10000 1.000
10000 0.011
10000 1.000
10000 1.000
10000 1.000
10000 1.000
10000 0.031
10000 0.000
10000 1.000
10000 0.000
10000 0.013
10000 1.000
10000 0.000
10000 0.000
10000 0.986
10000 1.000
10000 1.000
10000 1.000
10000 1.000
10000 1.000
10000 0.000
10000 0.000
10000 1.000
10000 0.000
10000 0.000
10000 0.000
10000 0.000
10000 0.000
10000 0.010
10000 0.000
10000 1.000
10000 0.000
10000 0.000
10000 1.000
10000 0.000
10000 1.000
10000 0.000
10000 1.000
10000 1.000
10000 1.000
10000 0.366
10000 0.000
10000 0.311
10000 1.000
10000 0.999
10000 0.000
10000 1.000
10000 1.000
10000 1.000
10000 1.000
10000 1.000
10000 0.000
10000 0.000
10000 1.000
10000 1.000
10000 0.001
10000 0.000
10000 0.000
10000 1.000
10000 1.000
10000 1.000
10000 1.000
10000 1.000
10000 1.000
10000 1.000
10000 1.000
10000 0.000
10000 1.000
10000 1.000
10000 1.000
10000 1.000
10000 0.000
10000 0.000
10000 1.000
10000 1.000
10000 1.000
10000 1.000
10000 1.000
10000 1.000
10000 1.000
10000 1.000
10000 1.000
10000 0.048
10000 0.000
10000 0.000
10000 0.000
10000 0.000
10000 1.000
10000 0.000
10000 1.000
10000 1.000
10000 0.000
10000 0.000
10000 1.000
10000 0.000
10000 0.000
10000 1.000
10000 0.000
10000 1.000
10000 1.000
10000 0.007
10000 0.000
10000 0.000
10000 0.000
10000 0.000
10000 0.000
10000 0.000
10000 0.000
10000 1.000
10000 0.144
10000 1.000
10000 1.000
10000 0.000
10000 1.000
10000 0.000
10000 0.000
10000 1.000
10000 1.000
10000 0.000
10000 1.000
10000 1.000
10000 0.000
10000 1.000
10000 1.000
10000 0.000
10000 0.000
10000 0.000
10000 0.000
10000 0.000
10000 0.998
10000 0.246
10000 0.000
10000 0.000
10000 1.000
10000 1.000
10000 0.001
10000 0.000
10000 1.000
10000 1.000
10000 0.000
10000 1.000
10000 1.000
10000 0.000
10000 0.000
10000 1.000
10000 1.000
10000 0.000
10000 0.001
10000 1.000
10000 0.000
10000 1.000
10000 0.000
10000 1.000
10000 0.000
10000 1.000
10000 1.000
10000 1.000
10000 1.000
10000 1.000
10000 0.000
10000 1.000
10000 1.000
10000 1.000
10000 1.000
10000 0.092
10000 1.000
10000 0.044
10000 1.000
10000 1.000
10000 0.000
10000 0.000
10000 1.000
10000 0.000
10000 1.000
10000 0.000
10000 0.000
10000 1.000
10000 1.000
10000 0.000
10000 0.000
10000 1.000
10000 1.000
10000 1.000
10000 1.000
10000 1.000
10000 0.000
10000 0.016
10000 1.000
10000 0.000
10000 0.000
10000 1.000
10000 0.000
10000 1.000
10000 1.000
10000 0.280
10000 1.000
10000 0.009
10000 0.000
10000 0.047
10000 1.000
10000 1.000
10000 1.000
10000 1.000
10000 0.013
10000 1.000
10000 1.000
10000 0.000
10000 0.135
10000 0.000
10000 1.000
10000 1.000
10000 1.000
10000 0.000
10000 1.000
10000 1.000
10000 1.000
10000 0.000
10000 0.000
10000 1.000
10000 0.000
10000 0.000
10000 0.062
10000 1.000
10000 1.000
10000 1.000
10000 0.000
10000 0.052
10000 0.000
10000 0.025
10000 1.000
10000 1.000
10000 0.003
10000 1.000
10000 1.000
10000 1.000
10000 1.000
10000 1.000
10000 1.000
10000 1.000
10000 0.000
10000 1.000
10000 1.000
10000 0.000
10000 0.000
10000 0.007
10000 1.000
10000 1.000
10000 0.000
10000 0.000
10000 1.000
10000 1.000
10000 0.000
10000 1.000
10000 0.149
10000 0.000
10000 1.000
10000 0.001
10000 1.000
10000 1.000
10000 0.000
10000 1.000
10000 0.000
10000 1.000
10000 0.000
10000 1.000
10000 1.000
10000 0.031
10000 0.000
10000 1.000
10000 0.002
10000 1.000
10000 1.000
10000 1.000
10000 1.000
10000 1.000
10000 0.020
10000 0.000
10000 0.004
10000 1.000
10000 0.000
10000 0.000
10000 0.000
10000 0.000
10000 0.000
10000 1.000
10000 1.000
10000 0.000
10000 1.000
10000 0.013
10000 0.000
10000 1.000
10000 1.000
10000 0.000
10000 1.000
10000 0.000
10000 1.000
10000 0.000
10000 1.000
10000 1.000
10000 0.000
10000 1.000
10000 1.000
10000 0.091
10000 1.000
10000 1.000
10000 1.000
10000 1.000
10000 0.000
10000 1.000
10000 0.000
10000 1.000
10000 0.000
10000 1.000
10000 1.000
10000 1.000
10000 1.000
10000 1.000
10000 0.000
10000 1.000
10000 1.000
10000 0.000
10000 1.000
10000 0.000
10000 1.000
10000 1.000
10000 0.000
10000 1.000
10000 1.000
10000 0.084
10000 0.051
10000 1.000
10000 1.000
10000 0.064
10000 1.000
10000 0.017
10000 1.000
10000 1.000
10000 1.000
10000 0.000
10000 1.000
10000 1.000
10000 0.000
10000 1.000
10000 1.000
10000 1.000
10000 1.000
10000 0.005
10000 1.000
10000 0.000
10000 1.000
10000 0.000
10000 1.000
10000 1.000
10000 0.000
10000 0.000
10000 1.000
10000 1.000
10000 0.000
10000 0.000
10000 1.000
10000 1.000
10000 0.000
10000 0.000
10000 1.000
10000 0.049
10000 1.000
10000 0.000
10000 1.000
10000 0.000
10000 1.000
10000 1.000
10000 0.000
10000 1.000
10000 0.000
10000 1.000
10000 1.000
10000 1.000
10000 0.000
10000 0.999
10000 1.000
10000 0.000
10000 1.000
10000 1.000
10000 0.000
10000 0.000
10000 1.000
10000 0.000
10000 1.000
10000 1.000
10000 0.000
10000 1.000
10000 0.995
10000 0.090
10000 1.000
10000 1.000
10000 1.000
10000 1.000
10000 1.000
10000 0.673
10000 0.000
10000 0.000
10000 0.000
10000 1.000
10000 0.016
10000 0.000
10000 1.000
10000 0.000
10000 1.000
10000 1.000
10000 1.000
10000 1.000
10000 0.221
10000 1.000
10000 0.000
10000 1.000
10000 1.000
10000 0.000
10000 1.000
10000 0.000
10000 1.000
10000 0.006
10000 0.000
10000 0.000
10000 1.000
10000 1.000
10000 1.000
10000 1.000
10000 1.000
10000 0.045
10000 1.000
10000 1.000
10000 0.007
10000 1.000
10000 0.000
10000 0.000
10000 1.000
10000 1.000
10000 0.000
10000 1.000
10000 1.000
10000 0.000
10000 1.000
10000 1.000
10000 1.000
10000 1.000
10000 1.000
10000 1.000
10000 1.000
10000 1.000
10000 0.000
10000 0.060
10000 1.000
10000 0.000
10000 1.000
10000 1.000
10000 0.000
10000 1.000
10000 1.000
10000 1.000
10000 1.000
10000 1.000
10000 1.000
10000 1.000
