10000 0.080
10000 1.000
10000 1.000
10000 1.000
10000 0.232
10000 0.110
10000 0.106
10000 1.000
10000 1.000
10000 1.000
10000 1.000
10000 1.000
10000 1.000
10000 1.000
10000 1.000
10000 1.000
10000 0.073
10000 0.050
10000 0.129
10000 0.193
10000 0.070
10000 1.000
10000 1.000
10000 1.000
10000 1.000
10000 1.000
10000 1.000
10000 0.103
10000 1.000
10000 0.038
10000 1.000
10000 0.037
10000 0.025
10000 1.000
10000 0.125
10000 0.042
10000 1.000
10000 1.000
10000 1.000
10000 1.000
10000 0.049
10000 0.160
10000 0.091
10000 1.000
10000 0.119
10000 0.139
10000 0.024
10000 1.000
10000 0.049
10000 1.000
10000 0.080
10000 1.000
10000 0.054
10000 1.000
10000 1.000
10000 0.040
10000 1.000
10000 1.000
10000 1.000
10000 0.048
10000 1.000
10000 0.528
10000 1.000
10000 0.103
10000 0.052
10000 0.081
10000 0.102
10000 1.000
10000 1.000
10000 0.118
10000 0.046
10000 1.000
10000 0.195
10000 1.000
10000 1.000
10000 0.081
10000 0.041
10000 0.055
10000 1.000
10000 0.054
10000 0.090
10000 1.000
10000 1.000
10000 1.000
10000 1.000
10000 1.000
10000 0.141
10000 0.128
10000 1.000
10000 1.000
10000 1.000
10000 1.000
10000 0.066
10000 1.000
10000 0.056
10000 0.103
10000 1.000
10000 1.000
10000 0.026
10000 0.055
10000 1.000
10000 1.000
10000 1.000
10000 1.000
10000 1.000
10000 0.064
10000 1.000
10000 0.125
10000 1.000
10000 1.000
10000 1.000
10000 0.044
10000 1.000
10000 0.054
10000 1.000
10000 0.093
10000 1.000
10000 1.000
10000 1.000
10000 0.093
10000 1.000
10000 0.048
10000 1.000
10000 0.194
10000 0.094
10000 0.075
10000 0.109
10000 0.050
10000 1.000
10000 0.090
10000 1.000
10000 0.110
10000 0.206
10000 0.072
10000 0.119
10000 0.071
10000 1.000
10000 1.000
10000 1.000
10000 1.000
10000 0.110
10000 1.000
10000 1.000
10000 1.000
10000 0.034
10000 0.113
10000 0.998
10000 0.070
10000 0.052
10000 0.061
10000 1.000
10000 0.064
10000 1.000
10000 0.076
10000 0.086
10000 1.000
10000 1.000
10000 0.117
10000 1.000
10000 1.000
10000 0.125
10000 1.000
10000 1.000
10000 0.044
10000 1.000
10000 0.070
10000 1.000
10000 0.060
10000 1.000
10000 1.000
10000 0.093
10000 1.000
10000 1.000
10000 1.000
10000 1.000
10000 1.000
10000 1.000
10000 0.096
10000 1.000
10000 1.000
10000 1.000
10000 0.146
10000 1.000
10000 1.000
10000 1.000
10000 1.000
10000 1.000
10000 1.000
10000 0.058
10000 0.132
10000 1.000
10000 1.000
10000 1.000
10000 0.082
10000 0.085
10000 0.065
10000 1.000
10000 1.000
10000 1.000
10000 1.000
10000 0.133
10000 0.127
10000 1.000
10000 0.055
10000 0.076
10000 1.000
10000 1.000
10000 0.095
10000 1.000
10000 1.000
10000 1.000
10000 1.000
10000 1.000
10000 0.081
10000 1.000
10000 1.000
10000 1.000
10000 0.058
10000 1.000
10000 1.000
10000 1.000
10000 1.000
10000 0.141
10000 1.000
10000 1.000
10000 1.000
10000 1.000
10000 1.000
10000 0.096
10000 1.000
10000 0.106
10000 1.000
10000 0.058
10000 1.000
10000 0.093
10000 1.000
10000 1.000
10000 0.046
10000 1.000
10000 0.194
10000 1.000
10000 1.000
10000 0.167
10000 0.045
10000 0.089
10000 0.103
10000 1.000
10000 0.023
10000 1.000
10000 1.000
10000 1.000
10000 1.000
10000 0.246
10000 1.000
10000 1.000
10000 0.057
10000 0.038
10000 0.049
10000 0.074
10000 0.102
10000 0.039
10000 1.000
10000 1.000
10000 0.049
10000 1.000
10000 0.039
10000 1.000
10000 1.000
10000 0.135
10000 0.043
10000 1.000
10000 1.000
10000 0.254
10000 1.000
10000 0.086
10000 0.089
10000 1.000
10000 1.000
10000 1.000
10000 1.000
10000 1.000
10000 0.045
10000 1.000
10000 0.059
10000 1.000
10000 0.093
10000 0.045
10000 1.000
10000 0.273
10000 1.000
10000 1.000
10000 1.000
10000 0.220
10000 1.000
10000 0.071
10000 1.000
10000 0.076
10000 0.095
10000 0.045
10000 1.000
