10000 0.012
10000 0.091
10000 1.000
10000 1.000
10000 1.000
10000 1.000
10000 0.056
10000 0.000
10000 1.000
10000 1.000
10000 1.000
10000 1.000
10000 0.000
10000 1.000
10000 1.000
10000 0.005
10000 1.000
10000 1.000
10000 0.030
10000 1.000
10000 0.999
10000 0.000
10000 1.000
10000 0.039
10000 0.067
10000 1.000
10000 1.000
10000 0.177
10000 1.000
10000 1.000
10000 0.000
10000 1.000
10000 0.000
10000 0.000
10000 0.028
10000 1.000
10000 0.059
10000 1.000
10000 0.087
10000 1.000
10000 1.000
10000 1.000
10000 0.000
10000 0.053
10000 0.029
10000 1.000
10000 1.000
10000 0.081
10000 0.000
10000 0.057
10000 1.000
10000 1.000
10000 0.000
10000 1.000
10000 1.000
10000 1.000
10000 1.000
10000 1.000
10000 1.000
10000 0.077
10000 0.005
10000 0.000
10000 0.070
10000 1.000
10000 1.000
10000 0.149
10000 0.112
10000 1.000
10000 0.075
10000 0.043
10000 1.000
10000 1.000
10000 0.178
10000 0.120
10000 1.000
10000 0.031
10000 0.043
10000 0.019
10000 1.000
10000 1.000
10000 0.003
10000 1.000
10000 1.000
10000 1.000
10000 1.000
10000 0.000
10000 1.000
10000 0.014
10000 1.000
10000 1.000
10000 1.000
10000 1.000
10000 1.000
10000 1.000
10000 0.000
10000 0.052
10000 0.014
10000 0.022
10000 1.000
10000 0.000
10000 0.043
10000 0.011
10000 1.000
10000 1.000
10000 0.000
10000 1.000
10000 1.000
10000 1.000
10000 1.000
10000 0.041
10000 0.002
10000 0.129
10000 1.000
10000 1.000
10000 0.000
10000 0.018
10000 0.206
10000 1.000
10000 1.000
10000 0.046
10000 0.099
10000 0.000
10000 0.000
10000 1.000
10000 1.000
10000 1.000
10000 1.000
10000 1.000
10000 1.000
10000 1.000
10000 0.000
10000 0.000
10000 0.128
10000 1.000
10000 1.000
10000 0.043
10000 1.000
10000 0.000
10000 0.044
10000 1.000
10000 1.000
10000 1.000
10000 0.004
10000 1.000
10000 0.112
10000 1.000
10000 0.011
10000 0.353
10000 1.000
10000 0.000
10000 0.130
10000 0.000
10000 1.000
10000 0.020
10000 1.000
10000 0.021
10000 0.073
10000 0.000
10000 1.000
10000 1.000
10000 1.000
10000 0.040
10000 1.000
10000 1.000
10000 0.020
10000 1.000
10000 1.000
10000 0.002
10000 0.009
10000 1.000
10000 1.000
10000 1.000
10000 1.000
10000 0.000
10000 1.000
10000 0.040
10000 1.000
10000 1.000
10000 0.118
10000 0.015
10000 0.000
10000 1.000
10000 1.000
10000 0.000
10000 1.000
10000 1.000
10000 1.000
10000 1.000
10000 0.024
10000 0.074
10000 1.000
10000 1.000
10000 1.000
10000 1.000
10000 0.000
10000 0.009
10000 0.042
10000 0.009
10000 1.000
10000 0.000
10000 1.000
10000 1.000
10000 1.000
10000 1.000
10000 0.057
10000 0.003
10000 1.000
10000 1.000
10000 0.064
10000 0.000
10000 1.000
10000 0.065
10000 1.000
10000 0.053
10000 1.000
10000 0.000
10000 0.000
10000 1.000
10000 0.036
10000 0.012
10000 1.000
10000 1.000
10000 0.000
10000 1.000
10000 0.000
10000 0.000
10000 0.027
10000 1.000
10000 1.000
10000 1.000
10000 0.098
10000 1.000
10000 0.019
10000 0.999
10000 0.048
10000 1.000
10000 1.000
10000 1.000
10000 1.000
10000 0.034
10000 1.000
10000 0.007
10000 1.000
10000 1.000
10000 1.000
10000 1.000
10000 0.002
10000 1.000
10000 0.128
10000 1.000
10000 0.074
10000 1.000
10000 0.008
10000 1.000
10000 0.000
10000 1.000
10000 1.000
10000 0.013
10000 0.044
10000 0.040
10000 1.000
10000 0.000
10000 0.040
10000 1.000
10000 1.000
10000 1.000
10000 1.000
10000 1.000
10000 1.000
10000 1.000
10000 0.001
10000 1.000
10000 1.000
10000 1.000
10000 1.000
10000 1.000
10000 1.000
10000 1.000
10000 1.000
10000 1.000
10000 0.034
10000 1.000
10000 1.000
10000 1.000
10000 1.000
10000 0.000
10000 1.000
10000 0.065
10000 0.034
10000 1.000
10000 0.000
10000 1.000
10000 0.033
10000 1.000
10000 1.000
10000 1.000
10000 1.000
10000 1.000
10000 1.000
10000 0.000
10000 0.048
10000 0.000
10000 1.000
10000 0.000
10000 1.000
10000 1.000
10000 0.089
10000 0.080
10000 1.000
10000 0.000
10000 0.000
10000 1.000
10000 0.000
10000 1.000
10000 0.044
10000 1.000
10000 1.000
10000 1.000
10000 0.000
10000 1.000
10000 0.000
10000 0.000
10000 1.000
10000 0.008
10000 1.000
10000 1.000
10000 0.002
10000 1.000
10000 1.000
10000 0.021
10000 0.205
10000 0.058
10000 1.000
10000 0.015
10000 0.126
10000 0.051
10000 1.000
10000 1.000
10000 1.000
10000 0.996
10000 0.012
10000 1.000
10000 0.124
10000 0.026
10000 1.000
10000 0.030
10000 1.000
10000 1.000
10000 0.000
10000 1.000
10000 1.000
10000 1.000
10000 1.000
10000 1.000
10000 1.000
10000 0.092
10000 1.000
10000 0.095
10000 0.000
10000 1.000
10000 0.138
10000 1.000
10000 1.000
10000 0.000
10000 1.000
10000 0.022
10000 0.064
10000 0.027
10000 0.000
10000 1.000
10000 1.000
10000 0.000
10000 1.000
10000 0.000
10000 1.000
10000 0.063
10000 0.090
10000 1.000
10000 0.023
10000 1.000
10000 1.000
10000 1.000
10000 0.008
10000 0.008
10000 1.000
10000 1.000
10000 1.000
10000 0.000
10000 1.000
10000 0.053
10000 0.000
10000 1.000
10000 0.040
10000 1.000
10000 0.093
10000 0.130
10000 0.000
10000 1.000
10000 1.000
10000 1.000
10000 1.000
10000 0.000
10000 1.000
10000 1.000
10000 0.324
10000 0.082
10000 1.000
10000 1.000
10000 1.000
10000 1.000
10000 1.000
10000 0.010
10000 1.000
10000 1.000
10000 0.261
10000 0.010
10000 0.106
10000 1.000
10000 1.000
10000 0.005
10000 0.051
10000 1.000
10000 0.000
10000 1.000
10000 1.000
10000 1.000
10000 1.000
10000 1.000
10000 0.044
10000 1.000
10000 1.000
10000 1.000
10000 1.000
10000 1.000
10000 0.017
10000 0.000
10000 1.000
10000 0.044
10000 0.023
10000 1.000
10000 0.026
10000 1.000
10000 1.000
10000 0.022
10000 1.000
10000 0.138
10000 1.000
10000 1.000
10000 1.000
10000 1.000
10000 1.000
10000 0.000
10000 0.014
10000 0.069
10000 1.000
10000 1.000
10000 1.000
10000 0.005
10000 1.000
10000 1.000
10000 0.000
10000 0.154
10000 0.002
10000 0.015
10000 0.000
10000 0.097
10000 0.025
10000 1.000
10000 1.000
10000 1.000
10000 1.000
10000 1.000
10000 1.000
10000 0.133
10000 0.000
10000 1.000
10000 1.000
10000 0.000
10000 1.000
10000 1.000
10000 1.000
10000 0.121
10000 0.000
10000 0.325
10000 1.000
10000 1.000
10000 0.006
10000 1.000
10000 0.041
10000 0.007
10000 1.000
10000 1.000
10000 1.000
10000 1.000
10000 0.090
10000 0.025
10000 1.000
10000 0.017
10000 0.056
10000 1.000
