10000 0.394
10000 0.362
10000 1.000
10000 0.423
10000 0.401
10000 0.956
10000 0.390
10000 0.995
10000 1.000
10000 0.869
10000 0.385
10000 1.000
10000 0.400
10000 0.429
10000 0.384
10000 0.965
10000 0.417
10000 0.936
10000 0.995
10000 0.996
10000 0.417
10000 0.444
10000 0.417
10000 1.000
10000 0.981
10000 0.487
10000 0.374
10000 0.432
10000 0.398
10000 0.961
10000 0.994
10000 0.404
10000 0.383
10000 1.000
10000 0.412
10000 0.402
10000 0.417
10000 1.000
10000 0.370
10000 0.396
10000 0.985
10000 0.978
10000 0.980
10000 0.385
10000 0.908
10000 0.979
10000 0.404
10000 0.414
10000 0.381
10000 0.403
10000 0.385
10000 0.739
10000 0.969
10000 0.985
10000 0.410
10000 1.000
10000 0.431
10000 0.999
10000 0.994
10000 0.383
10000 0.586
10000 0.933
10000 0.511
10000 0.407
10000 0.998
10000 0.401
10000 0.402
10000 0.999
10000 0.434
10000 0.410
10000 0.657
10000 0.419
10000 0.428
10000 0.910
10000 0.635
10000 1.000
10000 0.394
10000 0.987
10000 1.000
10000 0.974
10000 0.404
10000 0.997
10000 0.927
10000 0.397
10000 0.998
10000 0.427
10000 0.891
10000 0.395
10000 0.921
10000 0.590
10000 0.999
10000 0.420
10000 0.983
10000 0.925
10000 0.980
10000 0.919
10000 0.846
10000 0.389
10000 0.996
10000 0.966
