10000 0.994
10000 0.404
10000 0.895
10000 0.467
10000 0.927
10000 0.435
10000 0.927
10000 0.964
10000 0.998
10000 0.894
10000 1.000
10000 0.431
10000 0.839
10000 0.503
10000 0.409
10000 0.430
10000 0.988
10000 0.869
10000 0.492
10000 0.457
10000 0.475
10000 0.459
10000 0.560
10000 0.740
10000 0.429
10000 0.494
10000 0.903
10000 1.000
10000 0.452
10000 0.484
10000 0.465
10000 1.000
10000 1.000
10000 0.995
10000 0.428
10000 0.817
10000 1.000
10000 0.494
10000 0.993
10000 0.582
10000 1.000
10000 0.995
10000 0.432
10000 0.998
10000 0.487
10000 0.544
10000 0.424
10000 1.000
10000 0.420
10000 0.975
10000 0.999
10000 0.817
10000 0.994
10000 0.970
10000 0.948
10000 0.996
10000 0.429
10000 1.000
10000 1.000
10000 0.994
10000 0.752
10000 0.973
10000 0.535
10000 0.428
10000 0.812
10000 0.431
10000 0.978
10000 0.996
10000 0.470
10000 0.661
10000 0.936
10000 0.895
10000 0.439
10000 0.824
10000 0.743
10000 0.960
10000 0.411
10000 0.469
10000 0.436
10000 0.993
10000 0.987
10000 0.394
10000 1.000
10000 0.456
10000 0.433
10000 0.490
10000 0.992
10000 0.458
10000 0.421
10000 0.607
10000 0.959
10000 0.451
10000 0.415
10000 0.997
10000 0.952
10000 0.935
10000 0.619
10000 0.524
10000 0.452
10000 0.430
