10000 0.993
10000 1.000
10000 0.298
10000 0.285
10000 0.265
10000 0.987
10000 0.271
10000 0.985
10000 1.000
10000 0.275
10000 0.270
10000 1.000
10000 0.296
10000 0.243
10000 0.978
10000 0.293
10000 0.974
10000 0.992
10000 0.936
10000 0.289
10000 0.317
10000 0.317
10000 0.807
10000 0.274
10000 0.967
10000 0.281
10000 0.283
10000 0.302
10000 0.239
10000 0.273
10000 1.000
10000 0.958
10000 0.253
10000 0.267
10000 0.293
10000 0.993
10000 0.259
10000 0.764
10000 0.289
10000 0.272
10000 0.998
10000 0.265
10000 0.286
10000 0.305
10000 0.263
10000 0.284
10000 0.972
10000 0.266
10000 0.272
10000 0.270
10000 0.294
10000 0.292
10000 0.290
10000 0.969
10000 0.262
10000 0.252
10000 0.935
10000 0.890
10000 0.251
10000 0.272
10000 0.973
10000 0.956
10000 0.298
10000 0.262
10000 0.257
10000 0.283
10000 0.255
10000 0.997
10000 0.951
10000 0.283
10000 0.271
10000 0.859
10000 0.267
10000 0.275
10000 0.343
10000 0.974
10000 0.986
10000 0.275
10000 0.259
10000 0.974
10000 0.908
10000 0.278
10000 0.848
10000 0.958
10000 0.995
10000 0.934
10000 0.309
10000 0.307
10000 0.992
10000 0.956
10000 0.295
10000 0.257
10000 0.307
10000 0.290
10000 0.297
10000 0.252
10000 0.349
10000 0.306
10000 0.997
10000 0.288
