10000 0.193
10000 0.999
10000 0.167
10000 0.152
10000 0.179
10000 0.190
10000 0.138
10000 0.153
10000 0.134
10000 0.167
10000 0.170
10000 0.111
10000 0.160
10000 0.138
10000 0.148
10000 0.147
10000 0.143
10000 0.165
10000 0.144
10000 0.142
10000 0.162
10000 0.183
10000 0.160
10000 0.184
10000 0.185
10000 0.133
10000 0.164
10000 0.157
10000 0.153
10000 0.138
10000 0.166
10000 0.181
10000 0.149
10000 0.977
10000 0.150
10000 0.174
10000 0.157
10000 0.145
10000 0.159
10000 0.151
10000 0.176
10000 0.152
10000 0.151
10000 0.173
10000 0.900
10000 0.156
10000 0.155
10000 0.145
10000 0.134
10000 0.171
10000 0.176
10000 0.160
10000 0.178
10000 0.172
10000 0.158
10000 0.158
10000 0.152
10000 0.149
10000 0.162
10000 0.174
10000 0.151
10000 0.179
10000 0.173
10000 0.163
10000 0.142
10000 0.167
10000 0.146
10000 0.166
10000 0.182
10000 0.147
10000 0.146
10000 0.158
10000 0.151
10000 0.160
10000 0.158
10000 0.167
10000 0.172
10000 0.148
10000 0.154
10000 0.180
10000 0.150
10000 0.195
10000 0.142
10000 0.170
10000 0.144
10000 0.148
10000 0.146
10000 0.137
10000 0.160
10000 0.136
10000 0.150
10000 0.149
10000 0.149
10000 0.162
10000 0.147
10000 0.168
10000 0.172
10000 0.148
10000 0.157
10000 0.164
