10000 0.000
10000 0.000
10000 0.000
10000 0.000
10000 0.000
10000 0.000
10000 0.000
10000 0.010
10000 0.000
10000 0.000
10000 0.027
10000 0.000
10000 0.000
10000 0.000
10000 0.000
10000 0.000
10000 0.000
10000 0.000
10000 0.007
10000 0.000
10000 0.011
10000 0.008
10000 0.000
10000 0.000
10000 0.000
10000 0.005
10000 0.000
10000 0.011
10000 0.000
10000 0.000
10000 0.000
10000 0.000
10000 0.000
10000 0.008
10000 0.000
10000 0.000
10000 0.000
10000 0.000
10000 0.000
10000 0.000
10000 0.000
10000 0.000
10000 0.000
10000 0.000
10000 0.000
10000 0.000
10000 0.000
10000 0.000
10000 0.000
10000 0.000
10000 0.000
10000 0.000
10000 0.000
10000 0.013
10000 0.000
10000 0.020
10000 0.000
10000 0.028
10000 0.021
10000 0.000
10000 0.018
10000 0.021
10000 0.000
10000 0.000
10000 0.000
10000 0.000
10000 0.000
10000 0.000
10000 0.021
10000 0.000
10000 0.000
10000 0.000
10000 0.000
10000 0.000
10000 0.000
10000 0.017
10000 0.000
10000 0.000
10000 0.000
10000 0.019
10000 0.000
10000 0.000
10000 0.000
10000 0.000
10000 0.010
10000 0.000
10000 0.000
10000 0.010
10000 0.000
10000 0.000
10000 0.000
10000 0.000
10000 0.020
10000 0.016
10000 0.000
10000 0.000
10000 0.000
10000 0.000
10000 0.000
10000 0.000
