10000 0.998
10000 1.000
10000 1.000
10000 0.393
10000 0.318
10000 0.362
10000 0.697
10000 0.956
10000 1.000
10000 0.869
10000 0.999
10000 0.364
10000 0.320
10000 0.919
10000 0.346
10000 0.359
10000 0.974
10000 0.524
10000 0.972
10000 0.992
10000 1.000
10000 0.994
10000 0.682
10000 0.771
10000 0.991
10000 0.351
10000 0.351
10000 0.994
10000 0.981
10000 0.365
10000 0.391
10000 0.370
10000 0.985
10000 0.372
10000 0.982
10000 0.738
10000 1.000
10000 0.363
10000 0.998
10000 0.372
10000 0.345
10000 0.992
10000 0.495
10000 0.353
10000 0.968
10000 0.923
10000 0.396
10000 0.355
10000 0.992
10000 0.958
10000 0.363
10000 0.630
10000 0.860
10000 0.338
10000 0.422
10000 0.348
10000 0.995
10000 0.384
10000 0.991
10000 0.396
10000 0.602
10000 0.970
10000 0.994
10000 0.991
10000 0.356
10000 0.994
10000 0.345
10000 0.368
10000 0.953
10000 0.363
10000 0.510
10000 0.989
10000 0.984
10000 0.369
10000 0.334
10000 0.988
10000 0.355
10000 0.986
10000 0.345
10000 0.876
10000 0.377
10000 0.995
10000 0.342
10000 0.377
10000 1.000
10000 0.974
10000 0.993
10000 0.974
10000 0.341
10000 0.408
10000 0.999
10000 0.355
10000 0.973
10000 0.721
10000 0.343
10000 0.901
10000 0.548
10000 0.995
10000 0.379
10000 0.368
