10000 0.999
10000 1.000
10000 0.946
10000 0.990
10000 0.392
10000 0.973
10000 0.438
10000 0.392
10000 1.000
10000 0.891
10000 0.363
10000 0.393
10000 0.361
10000 0.927
10000 0.986
10000 0.399
10000 0.965
10000 0.375
10000 0.989
10000 0.380
10000 0.383
10000 0.984
10000 0.570
10000 0.354
10000 0.395
10000 0.402
10000 0.980
10000 0.989
10000 0.971
10000 0.938
10000 0.395
10000 0.370
10000 0.999
10000 0.425
10000 0.980
10000 0.998
10000 1.000
10000 0.988
10000 0.355
10000 0.544
10000 0.389
10000 0.966
10000 0.968
10000 0.988
10000 0.503
10000 1.000
10000 0.380
10000 0.978
10000 0.379
10000 0.352
10000 0.996
10000 0.672
10000 0.889
10000 0.961
10000 0.423
10000 0.384
10000 0.998
10000 0.376
10000 1.000
10000 0.993
10000 0.988
10000 0.997
10000 0.432
10000 0.394
10000 0.787
10000 0.380
10000 0.376
10000 1.000
10000 0.975
10000 0.363
10000 0.430
10000 0.411
10000 0.368
10000 0.358
10000 0.992
10000 0.405
10000 0.723
10000 0.344
10000 0.973
10000 0.928
10000 0.597
10000 0.337
10000 0.372
10000 0.426
10000 0.399
10000 0.636
10000 0.988
10000 0.988
10000 1.000
10000 0.411
10000 0.350
10000 0.354
10000 0.350
10000 0.982
10000 0.892
10000 0.377
10000 0.434
10000 0.413
10000 0.995
10000 0.982
