10000 0.109
10000 1.000
10000 0.091
10000 1.000
10000 0.117
10000 0.111
10000 0.108
10000 1.000
10000 1.000
10000 0.114
10000 0.135
10000 0.133
10000 0.115
10000 0.121
10000 0.099
10000 0.104
10000 0.090
10000 0.101
10000 0.879
10000 0.110
10000 1.000
10000 0.106
10000 0.095
10000 0.106
10000 1.000
10000 0.107
10000 0.107
10000 0.103
10000 1.000
10000 0.079
10000 0.107
10000 0.091
10000 0.086
10000 0.070
10000 0.104
10000 0.082
10000 0.112
10000 0.991
10000 0.113
10000 0.091
10000 1.000
10000 0.093
10000 0.133
10000 1.000
10000 0.085
10000 1.000
10000 0.081
10000 0.973
10000 0.114
10000 1.000
10000 0.095
10000 0.118
10000 0.127
10000 0.098
10000 0.112
10000 0.112
10000 0.135
10000 0.119
10000 1.000
10000 0.141
10000 0.103
10000 0.992
10000 0.098
10000 0.934
10000 0.078
10000 0.998
10000 0.131
10000 1.000
10000 0.120
10000 0.990
10000 0.955
10000 0.144
10000 0.118
10000 0.105
10000 0.568
10000 0.127
10000 0.113
10000 0.099
10000 0.122
10000 0.112
10000 0.085
10000 1.000
10000 0.125
10000 0.098
10000 0.087
10000 0.114
10000 0.099
10000 0.127
10000 1.000
10000 0.993
10000 0.092
10000 1.000
10000 0.125
10000 1.000
10000 0.080
10000 0.097
10000 0.629
10000 0.125
10000 0.108
10000 1.000
