10000 1.000
10000 0.136
10000 1.000
10000 0.170
10000 1.000
10000 0.157
10000 0.998
10000 0.974
10000 0.174
10000 0.155
10000 0.176
10000 0.170
10000 1.000
10000 0.155
10000 0.163
10000 0.179
10000 0.188
10000 0.139
10000 0.156
10000 0.143
10000 0.123
10000 0.911
10000 0.202
10000 0.178
10000 0.185
10000 0.164
10000 1.000
10000 0.162
10000 0.156
10000 1.000
10000 1.000
10000 1.000
10000 0.211
10000 0.110
10000 1.000
10000 0.171
10000 0.144
10000 0.169
10000 0.146
10000 0.176
10000 0.165
10000 1.000
10000 0.176
10000 1.000
10000 0.973
10000 0.581
10000 0.159
10000 0.149
10000 0.169
10000 0.172
10000 0.989
10000 0.143
10000 1.000
10000 1.000
10000 0.172
10000 0.181
10000 0.147
10000 1.000
10000 0.149
10000 1.000
10000 0.351
10000 0.982
10000 0.148
10000 0.958
10000 0.191
10000 0.998
10000 0.953
10000 1.000
10000 0.967
10000 0.167
10000 1.000
10000 0.841
10000 0.144
10000 0.129
10000 0.992
10000 0.150
10000 0.983
10000 0.142
10000 0.218
10000 0.739
10000 1.000
10000 0.165
10000 1.000
10000 0.197
10000 1.000
10000 0.827
10000 0.148
10000 0.972
10000 0.187
10000 0.151
10000 0.998
10000 0.129
10000 1.000
10000 1.000
10000 1.000
10000 0.955
10000 0.679
10000 1.000
10000 1.000
10000 1.000
