10000 1.000
10000 1.000
10000 1.000
10000 1.000
10000 1.000
10000 0.159
10000 0.133
10000 0.173
10000 1.000
10000 0.205
10000 1.000
10000 0.132
10000 1.000
10000 1.000
10000 1.000
10000 0.210
10000 0.172
10000 0.655
10000 1.000
10000 0.108
10000 0.076
10000 0.134
10000 1.000
10000 1.000
10000 0.161
10000 1.000
10000 1.000
10000 1.000
10000 1.000
10000 0.233
10000 1.000
10000 0.167
10000 1.000
10000 1.000
10000 0.142
10000 0.054
10000 1.000
10000 0.191
10000 1.000
10000 1.000
10000 0.099
10000 0.161
10000 1.000
10000 1.000
10000 1.000
10000 1.000
10000 0.151
10000 1.000
10000 1.000
10000 0.156
10000 1.000
10000 1.000
10000 1.000
10000 1.000
10000 0.183
10000 1.000
10000 0.079
10000 1.000
10000 1.000
10000 1.000
10000 1.000
10000 0.164
10000 0.254
10000 1.000
10000 1.000
10000 1.000
10000 1.000
10000 1.000
10000 1.000
10000 1.000
10000 0.216
10000 1.000
10000 0.091
10000 1.000
10000 0.843
10000 0.973
10000 1.000
10000 0.100
10000 0.192
10000 0.193
10000 1.000
10000 1.000
10000 1.000
10000 0.206
10000 0.300
10000 1.000
10000 0.162
10000 1.000
10000 0.097
10000 0.196
10000 0.191
10000 1.000
10000 1.000
10000 0.137
10000 1.000
10000 0.156
10000 1.000
10000 0.147
10000 1.000
10000 1.000
