10000 1.000
10000 1.000
10000 1.000
10000 0.139
10000 0.000
10000 1.000
10000 1.000
10000 0.168
10000 1.000
10000 1.000
10000 1.000
10000 1.000
10000 1.000
10000 1.000
10000 0.175
10000 1.000
10000 1.000
10000 0.393
10000 0.285
10000 1.000
10000 0.134
10000 1.000
10000 1.000
10000 0.239
10000 0.079
10000 1.000
10000 1.000
10000 0.189
10000 0.141
10000 1.000
10000 0.148
10000 1.000
10000 0.029
10000 1.000
10000 0.140
10000 0.175
10000 0.105
10000 0.139
10000 1.000
10000 1.000
10000 1.000
10000 1.000
10000 0.105
10000 0.085
10000 0.200
10000 1.000
10000 1.000
10000 1.000
10000 1.000
10000 0.114
10000 0.000
10000 0.125
10000 1.000
10000 0.155
10000 0.168
10000 1.000
10000 1.000
10000 0.119
10000 1.000
10000 1.000
10000 1.000
10000 1.000
10000 0.270
10000 1.000
10000 0.206
10000 0.146
10000 0.178
10000 0.000
10000 0.254
10000 1.000
10000 1.000
10000 0.175
10000 1.000
10000 1.000
10000 0.532
10000 1.000
10000 1.000
10000 0.000
10000 1.000
10000 1.000
10000 1.000
10000 1.000
10000 1.000
10000 0.152
10000 1.000
10000 1.000
10000 0.214
10000 1.000
10000 0.229
10000 1.000
10000 1.000
10000 0.000
10000 0.151
10000 0.261
10000 1.000
10000 0.089
10000 0.476
10000 0.168
10000 0.129
10000 1.000
