10000 0.000
10000 0.000
10000 0.987
10000 0.000
10000 0.000
10000 0.000
10000 0.000
10000 0.000
10000 0.988
10000 0.000
10000 0.988
10000 0.000
10000 0.000
10000 0.982
10000 0.000
10000 0.000
10000 0.000
10000 0.000
10000 0.000
10000 0.977
10000 0.959
10000 0.973
10000 0.000
10000 0.000
10000 0.000
10000 0.000
10000 0.000
10000 0.000
10000 0.000
10000 0.000
10000 0.975
10000 0.000
10000 0.967
10000 0.000
10000 0.969
10000 0.990
10000 0.000
10000 0.000
10000 0.977
10000 0.990
10000 0.000
10000 0.978
10000 0.000
10000 0.000
10000 0.000
10000 0.985
10000 0.971
10000 0.000
10000 0.000
10000 0.000
10000 0.000
10000 0.984
10000 0.000
10000 0.976
10000 0.000
10000 0.000
10000 0.984
10000 0.958
10000 0.000
10000 0.000
10000 0.000
10000 0.000
10000 0.959
10000 0.000
10000 0.000
10000 0.000
10000 0.000
10000 0.000
10000 0.000
10000 0.000
10000 0.000
10000 0.000
10000 0.000
10000 0.984
10000 0.950
10000 0.980
10000 0.968
10000 0.950
10000 0.000
10000 0.987
10000 0.981
10000 0.000
10000 0.990
10000 0.000
10000 0.000
10000 0.000
10000 0.969
10000 0.979
10000 0.000
10000 0.993
10000 0.000
10000 0.980
10000 0.000
10000 0.000
10000 0.000
10000 0.000
10000 0.982
10000 0.000
10000 0.986
10000 0.979
