00000 0.500
00500 0.891
01000 0.909
01500 0.898
02000 0.917
02500 0.914
03000 0.918
03500 0.920
04000 0.917
04500 0.921
05000 0.935
05500 0.924
06000 0.929
06500 0.932
07000 0.919
07500 0.913
08000 0.934
08500 0.932
09000 0.930
09500 0.930
10000 0.927
00000 0.499
00500 0.899
01000 0.916
01500 0.911
02000 0.917
02500 0.903
03000 0.907
03500 0.922
04000 0.910
04500 0.926
05000 0.933
05500 0.933
06000 0.934
06500 0.926
07000 0.927
07500 0.921
08000 0.917
08500 0.917
09000 0.938
09500 0.931
10000 0.928
