00000 0.499
00500 0.881
01000 0.892
01500 0.913
02000 0.926
02500 0.903
03000 0.915
03500 0.921
04000 0.920
04500 0.925
05000 0.909
05500 0.922
06000 0.927
06500 0.925
07000 0.921
07500 0.925
08000 0.924
08500 0.922
09000 0.923
09500 0.919
10000 0.921
00000 0.493
00500 0.855
01000 0.881
01500 0.897
02000 0.900
02500 0.900
03000 0.902
03500 0.918
04000 0.897
04500 0.929
05000 0.919
05500 0.915
06000 0.918
06500 0.935
07000 0.929
07500 0.922
08000 0.927
08500 0.925
09000 0.928
09500 0.927
10000 0.930
