10000 0.088
10000 0.092
10000 0.078
10000 0.078
10000 0.072
10000 0.076
10000 0.062
10000 0.100
10000 0.101
10000 0.078
10000 0.071
10000 0.051
10000 0.072
10000 0.065
10000 0.067
10000 0.057
10000 0.055
10000 0.070
10000 0.069
10000 0.063
10000 0.065
10000 0.052
10000 0.059
10000 0.064
10000 0.084
10000 0.059
10000 0.076
10000 0.085
10000 0.056
10000 0.078
10000 0.067
10000 0.051
10000 0.057
10000 0.051
10000 0.064
10000 0.055
10000 0.056
10000 0.052
10000 0.058
10000 0.058
10000 0.050
10000 0.063
10000 0.069
10000 0.051
10000 0.051
10000 0.061
10000 0.068
10000 0.046
10000 0.067
10000 0.081
10000 0.043
10000 0.046
10000 0.055
10000 0.061
10000 0.065
10000 0.051
10000 0.042
10000 0.067
10000 0.759
10000 0.067
10000 0.045
10000 0.055
10000 0.052
10000 0.055
10000 0.052
10000 0.066
10000 0.046
10000 0.067
10000 0.062
10000 0.054
10000 0.044
10000 0.058
10000 0.080
10000 0.048
10000 0.054
10000 0.088
10000 0.061
10000 0.045
10000 0.061
10000 0.095
10000 0.074
10000 0.068
10000 0.074
10000 0.080
10000 0.970
10000 0.064
10000 0.065
10000 0.068
10000 0.084
10000 1.000
10000 0.076
10000 0.062
10000 0.052
10000 0.053
10000 0.081
10000 0.072
10000 0.058
10000 0.063
10000 0.053
10000 0.054
10000 0.998
10000 0.066
10000 0.060
10000 0.068
10000 0.055
10000 0.067
10000 0.074
10000 0.035
10000 0.060
10000 0.068
10000 0.089
10000 0.078
10000 0.045
10000 0.060
10000 0.085
10000 0.074
10000 0.053
10000 0.063
10000 0.967
10000 0.046
10000 0.074
10000 0.053
10000 0.067
10000 0.043
10000 0.059
10000 0.067
10000 0.080
10000 0.044
10000 0.070
10000 0.067
10000 0.041
10000 0.063
10000 0.071
10000 0.049
10000 0.066
10000 0.052
10000 0.075
10000 0.054
10000 0.057
10000 0.057
10000 0.067
10000 0.043
10000 0.037
10000 0.054
10000 0.061
10000 0.057
10000 0.056
10000 0.092
10000 0.050
10000 0.046
10000 0.080
10000 0.057
10000 0.955
10000 0.053
10000 1.000
10000 0.062
10000 0.065
10000 0.080
10000 0.048
10000 0.059
10000 0.063
10000 0.064
10000 0.054
10000 0.910
10000 0.063
10000 0.043
10000 0.927
10000 0.078
10000 0.048
10000 0.086
10000 0.070
10000 0.056
10000 0.070
10000 0.082
10000 0.079
10000 0.063
10000 0.049
10000 0.053
10000 0.056
10000 0.064
10000 0.087
10000 0.918
10000 0.076
10000 0.067
10000 0.065
10000 0.048
10000 0.057
10000 0.048
10000 0.078
10000 0.073
10000 0.083
10000 0.049
10000 0.769
10000 0.078
10000 0.093
10000 0.044
10000 0.069
10000 0.052
10000 0.064
10000 0.057
10000 0.069
10000 0.060
10000 0.041
10000 0.066
10000 0.052
10000 0.059
10000 0.082
10000 0.043
10000 0.056
10000 0.051
10000 0.048
10000 0.078
10000 0.044
10000 0.067
10000 0.072
10000 0.075
10000 0.060
10000 0.075
10000 0.050
10000 0.050
10000 0.062
10000 0.067
10000 0.041
10000 0.087
10000 0.073
10000 0.063
10000 0.071
10000 0.061
10000 0.053
10000 0.063
10000 0.047
10000 0.056
10000 0.034
10000 0.070
10000 0.045
10000 0.047
10000 0.073
10000 0.069
10000 0.056
10000 0.069
10000 0.043
10000 0.044
10000 0.077
10000 0.935
10000 0.037
10000 0.057
10000 0.056
10000 0.074
10000 0.060
10000 0.063
10000 0.037
10000 0.068
10000 0.055
10000 0.072
10000 0.094
10000 0.049
10000 0.086
10000 0.087
10000 0.066
10000 0.074
10000 0.055
10000 0.061
10000 0.052
10000 0.977
10000 0.073
10000 0.067
10000 0.051
10000 0.063
10000 0.060
10000 0.053
10000 0.074
10000 0.060
10000 0.065
10000 0.060
10000 0.063
10000 0.070
10000 0.051
10000 0.050
10000 0.051
10000 0.072
10000 0.056
10000 0.064
10000 0.057
10000 0.060
10000 0.053
10000 0.066
10000 0.058
10000 0.066
10000 0.075
10000 0.072
10000 0.072
10000 0.079
10000 0.074
10000 0.057
10000 0.951
10000 0.060
10000 0.056
10000 0.047
10000 0.092
10000 0.064
10000 0.059
10000 0.037
10000 0.075
10000 0.073
10000 0.043
10000 0.052
10000 0.081
10000 0.070
10000 0.058
10000 0.076
10000 0.084
10000 0.043
10000 0.055
10000 0.080
10000 0.053
10000 0.080
10000 0.053
10000 0.068
10000 0.081
10000 0.050
10000 0.078
10000 0.074
10000 0.066
10000 0.042
10000 0.076
10000 0.094
10000 0.060
10000 0.040
10000 0.072
10000 0.066
10000 0.054
10000 0.079
10000 0.079
10000 0.066
10000 0.049
10000 0.069
10000 0.049
10000 0.046
10000 0.077
10000 0.058
10000 0.070
10000 0.070
10000 0.068
10000 0.076
10000 0.064
10000 0.073
10000 0.062
10000 0.061
10000 0.040
10000 0.054
10000 0.076
10000 0.066
10000 0.068
10000 0.060
10000 0.053
10000 0.066
10000 0.053
10000 0.059
10000 0.053
10000 0.073
10000 0.067
10000 0.042
10000 0.063
10000 0.069
10000 0.070
10000 0.069
10000 0.054
10000 0.046
10000 0.069
10000 0.044
10000 0.065
10000 0.067
10000 0.062
10000 0.964
10000 0.061
10000 0.057
10000 0.050
10000 0.065
10000 0.075
10000 0.067
10000 0.078
10000 0.048
10000 0.050
10000 0.064
10000 0.058
10000 0.066
10000 0.066
10000 0.063
10000 0.067
10000 0.071
10000 0.061
10000 0.063
10000 0.061
10000 0.068
10000 0.063
10000 0.071
10000 0.085
10000 0.077
10000 0.057
10000 0.054
10000 0.057
10000 0.046
10000 0.082
10000 0.063
10000 0.984
10000 0.075
10000 0.052
10000 0.032
10000 0.067
10000 0.073
10000 0.056
10000 0.103
10000 0.087
10000 0.074
10000 0.069
10000 0.057
10000 0.075
10000 0.069
10000 0.076
10000 0.063
10000 0.061
10000 0.051
10000 0.083
10000 0.071
10000 0.067
10000 0.047
10000 0.072
10000 0.074
10000 0.060
10000 0.086
10000 0.053
10000 0.067
10000 0.069
10000 0.048
10000 0.078
10000 0.065
10000 0.046
10000 0.084
10000 0.050
10000 0.063
10000 0.066
10000 0.067
10000 0.053
10000 0.042
10000 0.054
10000 0.085
10000 0.050
10000 0.078
10000 0.052
10000 0.061
10000 0.055
10000 0.056
10000 0.068
10000 0.070
10000 0.065
10000 0.047
10000 0.058
10000 0.073
10000 0.069
10000 0.055
10000 0.069
10000 0.057
10000 0.047
10000 0.046
10000 0.074
10000 0.077
10000 0.060
10000 0.061
10000 0.061
10000 0.027
10000 0.051
10000 0.067
10000 0.064
10000 0.054
10000 0.072
10000 0.074
10000 0.955
10000 0.061
10000 0.075
10000 0.073
10000 0.046
10000 0.058
10000 0.073
10000 0.060
10000 0.042
10000 0.060
10000 0.065
10000 0.066
10000 0.059
10000 0.070
10000 0.062
10000 0.078
10000 0.056
10000 0.047
10000 0.075
10000 0.081
10000 0.074
10000 0.065
10000 0.062
10000 0.068
10000 0.056
10000 0.061
10000 0.068
10000 0.075
10000 0.064
10000 0.042
10000 0.067
10000 0.073
10000 0.058
10000 0.067
10000 0.065
10000 0.098
10000 0.054
10000 0.068
10000 0.081
10000 0.070
10000 0.063
10000 0.064
10000 0.040
10000 0.054
10000 0.037
10000 0.059
10000 0.072
10000 0.977
10000 0.065
10000 0.058
10000 0.046
10000 0.080
10000 1.000
10000 0.081
10000 0.073
10000 0.059
10000 0.970
10000 0.042
10000 0.071
10000 0.071
10000 0.067
10000 0.054
10000 0.052
10000 0.077
10000 0.064
10000 0.087
10000 0.069
10000 0.077
10000 0.060
10000 0.059
10000 0.078
10000 0.058
10000 0.076
10000 0.068
10000 0.064
10000 0.057
10000 0.064
10000 0.069
10000 0.045
10000 0.049
10000 0.056
10000 0.057
10000 0.056
10000 0.039
10000 0.060
10000 0.077
10000 0.063
10000 0.055
10000 0.050
10000 0.058
10000 0.072
10000 0.971
10000 0.074
10000 0.076
10000 0.064
10000 0.074
10000 0.068
10000 0.064
10000 0.069
10000 0.092
10000 0.051
10000 0.052
10000 0.072
10000 0.048
10000 0.064
10000 0.058
10000 0.072
10000 0.074
10000 0.054
10000 0.077
10000 0.062
10000 0.062
10000 0.060
10000 0.070
10000 0.059
10000 0.057
10000 0.059
10000 0.064
10000 0.053
10000 0.055
10000 0.058
10000 0.049
10000 0.077
10000 0.052
10000 0.062
10000 0.061
10000 0.066
10000 0.063
10000 0.055
10000 0.059
10000 0.058
10000 0.057
10000 0.044
10000 0.066
10000 0.062
10000 0.066
10000 0.049
10000 0.994
10000 0.061
10000 0.075
10000 0.075
10000 0.084
10000 0.078
10000 0.055
10000 0.066
10000 0.068
10000 0.031
10000 0.060
10000 0.049
10000 0.066
10000 0.043
10000 0.082
10000 0.041
10000 0.077
10000 0.052
10000 0.063
10000 0.059
10000 0.000
10000 0.057
10000 0.054
10000 0.075
10000 0.054
10000 0.049
10000 0.054
10000 0.089
10000 0.063
10000 0.046
10000 0.046
10000 0.066
10000 0.063
10000 0.087
10000 0.077
10000 0.074
10000 0.056
10000 0.061
10000 0.066
10000 0.055
10000 0.067
10000 0.055
10000 0.071
10000 0.071
10000 0.068
10000 0.057
10000 0.047
10000 0.071
10000 0.056
10000 0.072
10000 0.059
10000 0.068
10000 0.062
10000 0.061
10000 0.080
10000 0.078
10000 0.071
10000 0.085
10000 0.064
10000 0.062
10000 0.045
10000 0.056
10000 0.053
10000 0.049
10000 0.062
10000 0.044
10000 0.070
10000 0.054
10000 0.049
10000 0.052
10000 0.070
10000 0.073
10000 0.059
10000 0.052
10000 0.065
10000 0.064
10000 0.076
10000 0.063
10000 0.045
10000 0.061
10000 0.060
10000 0.049
10000 0.051
10000 0.056
10000 0.061
10000 0.055
10000 0.071
10000 0.068
10000 0.053
10000 0.040
10000 0.054
10000 0.063
10000 0.061
10000 0.065
10000 0.072
10000 0.090
10000 0.063
10000 0.050
10000 0.083
10000 0.059
10000 0.064
10000 0.073
10000 0.061
10000 0.052
10000 0.060
10000 0.072
10000 0.063
10000 0.062
10000 0.060
10000 0.069
10000 0.051
10000 0.055
10000 0.061
10000 0.085
10000 0.877
10000 0.067
10000 0.068
10000 0.063
10000 0.056
10000 0.071
10000 0.048
10000 0.064
10000 0.068
10000 0.072
10000 0.058
10000 0.051
10000 0.063
10000 0.889
10000 0.079
10000 0.061
10000 0.077
10000 0.083
10000 0.027
10000 0.067
10000 0.076
10000 0.053
10000 0.067
10000 0.047
10000 0.073
10000 0.064
10000 0.059
10000 0.067
10000 0.047
10000 0.058
10000 0.065
10000 0.069
10000 0.064
10000 0.086
10000 0.028
10000 0.067
10000 0.087
10000 0.039
10000 0.064
10000 0.972
10000 0.063
10000 0.061
10000 0.051
10000 0.057
10000 0.051
10000 0.046
10000 0.076
10000 0.051
10000 0.074
10000 0.064
10000 0.062
10000 0.052
10000 0.063
10000 0.074
10000 0.067
10000 0.038
10000 0.059
10000 0.085
10000 0.070
10000 0.042
10000 0.054
10000 0.064
10000 0.056
10000 0.076
10000 0.065
10000 0.045
10000 0.083
10000 0.065
10000 0.071
10000 0.070
10000 0.051
10000 0.923
10000 0.061
10000 0.074
10000 0.071
10000 0.070
10000 0.067
10000 0.062
10000 0.065
10000 0.065
10000 0.051
10000 0.050
10000 0.072
10000 0.053
10000 0.059
10000 0.072
10000 0.047
10000 0.068
10000 0.057
10000 0.939
10000 0.053
10000 0.045
10000 0.053
10000 0.093
10000 0.068
10000 0.040
10000 0.080
10000 0.069
10000 0.059
10000 0.060
10000 0.069
10000 0.072
10000 0.055
10000 0.061
10000 0.066
10000 0.047
10000 0.066
10000 0.047
10000 0.082
10000 0.055
10000 0.953
10000 0.062
10000 0.071
10000 0.043
10000 1.000
10000 0.064
10000 0.048
10000 0.048
10000 0.952
10000 0.049
10000 0.068
10000 0.046
10000 0.053
10000 0.055
10000 0.078
10000 0.085
10000 0.073
10000 0.078
10000 0.077
10000 0.059
10000 0.065
10000 0.062
10000 0.086
10000 0.063
10000 0.083
10000 0.051
10000 0.044
10000 0.064
10000 0.062
10000 0.039
10000 0.063
10000 0.059
10000 0.064
10000 0.071
10000 0.095
10000 0.052
10000 0.038
10000 0.071
10000 0.044
10000 0.056
10000 0.082
10000 0.057
10000 0.067
10000 0.052
10000 0.062
10000 0.055
10000 0.078
10000 0.076
10000 0.072
10000 0.073
10000 0.071
10000 0.057
10000 0.046
10000 0.999
10000 0.061
10000 0.046
10000 0.058
10000 0.063
10000 0.082
10000 0.064
10000 0.051
10000 0.057
10000 0.059
10000 0.055
10000 0.049
10000 0.079
10000 0.061
10000 0.071
10000 0.069
10000 0.082
10000 0.052
10000 0.064
10000 0.066
10000 0.046
10000 0.044
10000 0.867
10000 0.066
10000 0.039
10000 0.070
10000 0.058
10000 0.076
10000 0.072
10000 0.049
10000 0.051
10000 0.042
10000 0.065
10000 0.051
10000 0.049
10000 0.074
10000 0.069
10000 0.069
10000 0.069
10000 0.070
10000 0.055
10000 0.084
10000 0.065
10000 0.064
10000 0.047
10000 0.057
10000 0.085
10000 0.049
10000 0.069
10000 0.059
10000 0.076
10000 0.053
10000 0.055
10000 0.054
10000 0.060
10000 0.063
10000 0.057
10000 0.055
10000 0.033
10000 0.063
10000 0.065
10000 0.045
10000 0.053
10000 0.078
10000 0.035
10000 0.080
10000 0.065
10000 0.070
10000 0.060
10000 0.067
10000 0.065
10000 0.054
10000 0.047
10000 0.070
10000 1.000
10000 0.066
10000 0.066
10000 0.047
10000 0.051
10000 0.079
10000 0.064
10000 0.065
10000 0.054
10000 0.062
10000 0.059
10000 0.064
10000 0.035
10000 0.056
10000 0.071
10000 0.985
10000 0.056
10000 0.067
10000 0.072
10000 0.060
10000 0.053
10000 0.074
10000 0.043
10000 0.060
10000 0.073
10000 0.055
10000 0.064
10000 0.100
10000 0.028
10000 0.069
10000 0.058
10000 0.068
10000 0.053
10000 0.065
10000 0.077
10000 0.060
