10000 1.000
10000 1.000
10000 0.141
10000 0.115
10000 0.120
10000 0.117
10000 0.167
10000 0.138
10000 0.166
10000 0.122
10000 0.122
10000 0.133
10000 0.133
10000 0.105
10000 0.119
10000 0.153
10000 0.131
10000 0.997
10000 0.948
10000 0.894
10000 0.146
10000 0.997
10000 0.934
10000 0.107
10000 0.146
10000 0.146
10000 0.124
10000 0.135
10000 0.099
10000 0.986
10000 0.972
10000 0.981
10000 0.982
10000 0.986
10000 0.114
10000 0.915
10000 0.112
10000 0.122
10000 0.132
10000 0.116
10000 0.143
10000 0.128
10000 0.110
10000 0.936
10000 0.104
10000 0.137
10000 0.124
10000 0.135
10000 0.170
10000 0.958
10000 0.129
10000 0.121
10000 0.977
10000 1.000
10000 0.118
10000 0.119
10000 0.134
10000 0.111
10000 0.155
10000 0.137
10000 0.134
10000 0.117
10000 0.994
10000 0.715
10000 0.133
10000 0.127
10000 0.150
10000 0.155
10000 0.134
10000 1.000
10000 1.000
10000 0.103
10000 0.141
10000 0.101
10000 0.133
10000 0.127
10000 0.116
10000 0.982
10000 0.111
10000 0.995
10000 0.989
10000 0.144
10000 0.137
10000 0.127
10000 0.107
10000 0.115
10000 0.122
10000 0.164
10000 0.140
10000 0.144
10000 0.103
10000 0.951
10000 0.122
10000 0.128
10000 0.104
10000 0.147
10000 0.104
10000 0.135
10000 0.967
10000 0.110
10000 0.117
10000 0.118
10000 0.133
10000 0.107
10000 1.000
10000 0.135
10000 0.106
10000 0.131
10000 0.114
10000 0.988
10000 0.147
10000 0.149
10000 0.891
10000 0.111
10000 0.122
10000 0.112
10000 0.114
10000 0.118
10000 0.129
10000 0.995
10000 0.122
10000 0.146
10000 0.120
10000 0.112
10000 0.131
10000 0.138
10000 0.148
10000 0.134
10000 0.129
10000 0.133
10000 0.141
10000 0.978
10000 0.125
10000 0.133
10000 0.985
10000 0.990
10000 0.123
10000 0.111
10000 0.116
10000 0.143
10000 0.117
10000 0.127
10000 0.970
10000 0.121
10000 0.120
10000 0.952
10000 0.113
10000 0.937
10000 0.099
10000 0.107
10000 0.126
10000 0.136
10000 0.144
10000 0.149
10000 0.118
10000 0.126
10000 0.104
10000 0.129
10000 0.109
10000 0.129
10000 0.128
10000 0.125
10000 0.123
10000 0.154
10000 0.118
10000 0.135
10000 0.969
10000 0.129
10000 0.978
10000 0.125
10000 0.134
10000 0.136
10000 0.157
10000 0.968
10000 0.123
10000 0.999
10000 0.119
10000 0.134
10000 0.125
10000 0.106
10000 0.182
10000 0.153
10000 1.000
10000 0.136
10000 0.128
10000 0.124
10000 0.103
10000 0.123
10000 0.119
10000 1.000
10000 0.991
10000 0.145
10000 0.732
10000 0.139
10000 0.982
10000 0.103
10000 0.117
10000 0.121
10000 0.110
10000 0.147
10000 0.135
10000 0.120
10000 0.128
10000 0.135
10000 0.090
10000 0.118
10000 0.119
10000 0.110
10000 0.995
10000 0.121
10000 0.119
10000 0.877
10000 0.123
10000 0.103
10000 0.145
10000 0.142
10000 1.000
10000 0.127
10000 0.133
10000 0.942
10000 0.993
10000 0.122
10000 0.996
10000 0.134
10000 0.129
10000 0.091
10000 0.147
10000 0.991
10000 0.117
10000 0.141
10000 0.914
10000 0.127
10000 0.106
10000 0.123
10000 0.118
10000 0.110
10000 0.131
10000 0.989
10000 0.136
10000 0.125
10000 0.136
10000 0.141
10000 0.150
10000 0.145
10000 0.938
10000 0.086
10000 0.146
10000 0.136
10000 0.118
10000 0.125
10000 0.149
10000 0.126
10000 0.132
10000 0.131
10000 0.133
10000 0.139
10000 0.097
10000 0.148
10000 0.130
10000 0.119
10000 0.132
10000 1.000
10000 0.127
10000 0.135
10000 0.106
10000 0.099
10000 0.131
10000 0.126
10000 0.132
10000 0.128
10000 0.125
10000 0.943
10000 0.157
10000 0.116
10000 0.993
10000 0.153
10000 0.104
10000 0.111
10000 0.908
10000 0.128
10000 0.108
10000 0.996
10000 0.957
10000 0.984
10000 1.000
10000 0.144
10000 0.149
10000 0.147
10000 0.133
10000 0.117
10000 0.148
10000 0.114
10000 0.105
10000 0.990
10000 0.126
10000 0.110
10000 0.984
10000 0.122
10000 0.152
10000 0.126
10000 0.115
10000 0.983
10000 0.124
10000 0.095
10000 0.997
10000 0.134
10000 0.128
10000 0.126
10000 0.099
10000 0.118
10000 0.132
10000 0.997
10000 0.144
10000 1.000
10000 0.118
10000 0.135
10000 0.116
10000 0.133
10000 0.157
10000 0.116
10000 0.932
10000 0.126
10000 0.120
10000 0.112
10000 0.125
10000 0.996
10000 0.125
10000 0.121
10000 0.104
10000 0.965
10000 0.944
10000 0.125
10000 0.123
10000 0.998
10000 0.128
10000 0.155
10000 0.105
10000 0.092
10000 0.123
10000 0.132
10000 0.122
10000 0.121
10000 1.000
10000 0.137
10000 0.767
10000 0.159
10000 0.139
10000 0.129
10000 0.097
10000 0.136
10000 0.117
10000 0.960
10000 0.145
10000 0.940
10000 0.114
10000 0.135
10000 0.129
10000 0.137
10000 0.127
10000 0.927
10000 0.988
10000 0.101
10000 0.127
10000 0.111
10000 0.118
10000 0.143
10000 0.150
10000 0.114
10000 0.990
10000 0.124
10000 0.964
10000 0.136
10000 0.158
10000 0.120
10000 0.112
10000 0.114
10000 0.136
10000 0.129
10000 0.104
10000 0.129
10000 0.106
10000 0.114
10000 0.126
10000 0.132
10000 0.130
10000 0.130
10000 0.122
10000 0.137
10000 0.115
10000 0.123
10000 0.122
10000 0.129
10000 0.107
10000 0.118
10000 0.119
10000 0.968
10000 0.110
10000 0.104
10000 0.983
10000 0.992
10000 0.118
10000 0.129
10000 0.114
10000 0.126
10000 0.138
10000 0.118
10000 0.976
10000 0.149
10000 0.121
10000 0.124
10000 0.989
10000 0.901
10000 0.132
10000 0.992
10000 0.128
10000 0.125
10000 0.130
10000 0.147
10000 0.156
10000 0.147
10000 0.139
10000 0.134
10000 0.150
10000 1.000
10000 0.136
10000 1.000
10000 0.115
10000 0.132
10000 0.145
10000 0.123
10000 0.113
10000 0.157
10000 0.120
10000 0.122
10000 0.135
10000 0.661
10000 0.139
10000 0.146
10000 0.999
10000 0.096
10000 0.116
10000 0.156
10000 0.114
10000 0.991
10000 0.099
10000 0.801
10000 0.121
10000 0.119
10000 0.093
10000 0.152
10000 0.137
10000 0.119
10000 0.138
10000 0.123
10000 0.995
10000 0.665
10000 1.000
10000 0.123
10000 1.000
10000 0.141
10000 0.152
10000 0.926
10000 0.137
10000 0.128
10000 0.124
10000 0.134
10000 0.114
10000 1.000
10000 0.909
10000 0.137
10000 0.133
10000 0.134
10000 0.099
10000 0.125
10000 0.121
10000 0.125
10000 0.106
10000 0.119
10000 0.151
10000 0.144
10000 0.140
10000 0.154
10000 0.897
10000 0.137
10000 0.114
10000 0.117
10000 0.122
10000 1.000
10000 0.112
10000 0.988
10000 0.110
10000 0.135
10000 0.140
10000 0.118
10000 0.111
10000 0.123
10000 0.138
10000 0.131
10000 0.118
10000 0.112
10000 0.138
10000 0.954
10000 0.109
10000 0.146
10000 0.141
10000 0.105
10000 0.111
10000 0.803
10000 0.118
10000 0.133
10000 0.124
10000 0.130
10000 0.978
10000 0.113
10000 0.096
10000 0.133
10000 0.880
10000 0.125
10000 0.136
10000 0.139
10000 0.985
10000 0.815
10000 0.135
10000 0.978
10000 0.144
10000 0.119
10000 0.142
10000 0.113
10000 0.105
10000 1.000
10000 0.131
10000 0.139
10000 0.121
10000 0.134
10000 0.140
10000 0.924
10000 0.108
10000 0.118
10000 0.120
10000 0.128
10000 0.147
10000 0.871
10000 0.995
10000 0.132
10000 0.122
10000 0.153
10000 0.165
10000 0.128
10000 0.124
10000 1.000
10000 0.110
10000 0.136
10000 0.996
10000 0.144
10000 0.141
10000 0.119
10000 0.901
10000 0.137
10000 0.128
10000 0.129
10000 0.138
10000 0.129
10000 0.117
10000 0.103
10000 0.975
10000 0.985
10000 0.144
10000 0.114
10000 0.995
10000 0.133
10000 0.114
10000 0.125
10000 0.110
10000 0.781
10000 0.937
10000 0.140
10000 0.127
10000 0.094
10000 0.842
10000 0.137
10000 0.110
10000 0.144
10000 0.115
10000 0.132
10000 0.072
10000 0.138
10000 0.955
10000 0.150
10000 0.124
10000 0.123
10000 0.150
10000 0.148
10000 0.994
10000 0.121
10000 0.972
10000 0.128
10000 0.135
10000 0.130
10000 0.833
10000 0.097
10000 0.123
10000 0.972
10000 0.138
10000 0.119
10000 0.850
10000 0.884
10000 0.124
10000 0.976
10000 0.164
10000 0.896
10000 0.129
10000 0.142
10000 0.140
10000 0.127
10000 0.120
10000 0.112
10000 0.167
10000 0.097
10000 0.150
10000 0.144
10000 0.979
10000 0.982
10000 0.129
10000 0.136
10000 0.145
10000 0.132
10000 0.963
10000 0.125
10000 0.125
10000 0.132
10000 0.132
10000 0.108
10000 0.130
10000 0.145
10000 0.130
10000 0.121
10000 0.136
10000 0.143
10000 0.123
10000 0.968
10000 0.121
10000 0.129
10000 0.960
10000 0.140
10000 0.915
10000 1.000
10000 0.147
10000 0.110
10000 0.127
10000 0.122
10000 0.996
10000 0.987
10000 0.127
10000 0.142
10000 0.973
10000 0.151
10000 0.116
10000 0.099
10000 0.124
10000 0.118
10000 0.141
10000 0.112
10000 0.142
10000 0.141
10000 0.137
10000 0.132
10000 0.114
10000 0.153
10000 0.126
10000 0.156
10000 0.985
10000 0.085
10000 0.148
10000 0.133
10000 0.138
10000 0.130
10000 0.126
10000 0.972
10000 0.973
10000 0.881
10000 0.116
10000 0.979
10000 0.123
10000 0.112
10000 0.132
10000 0.134
10000 0.136
10000 0.141
10000 1.000
10000 0.973
10000 0.161
10000 0.117
10000 0.670
10000 0.116
10000 0.145
10000 0.980
10000 0.141
10000 0.109
10000 0.907
10000 0.862
10000 0.118
10000 0.150
10000 0.993
10000 0.155
10000 0.127
10000 1.000
10000 0.148
10000 0.121
10000 0.131
10000 0.130
10000 0.113
10000 0.150
10000 0.979
10000 0.129
10000 0.927
10000 0.143
10000 0.105
10000 0.118
10000 0.813
10000 0.107
10000 0.983
10000 0.117
10000 0.112
10000 0.146
10000 0.136
10000 0.946
10000 0.108
10000 0.134
10000 0.129
10000 0.122
10000 0.109
10000 0.102
10000 0.151
10000 0.117
10000 0.158
10000 0.140
10000 0.133
10000 0.164
10000 0.132
10000 0.133
10000 0.115
10000 0.128
10000 0.922
10000 0.130
10000 0.170
10000 0.109
10000 0.130
10000 0.145
10000 0.143
10000 0.125
10000 0.135
10000 0.114
10000 0.128
10000 0.997
10000 0.129
10000 0.133
10000 0.970
10000 0.111
10000 0.922
10000 0.112
10000 0.143
10000 0.130
10000 0.944
10000 0.134
10000 0.117
10000 0.099
10000 0.125
10000 0.156
10000 0.117
10000 0.136
10000 0.113
10000 1.000
10000 0.138
10000 0.164
10000 0.132
10000 0.115
10000 0.149
10000 0.104
10000 0.119
10000 0.139
10000 0.923
10000 0.140
10000 0.100
10000 0.127
10000 0.166
10000 0.954
10000 0.979
10000 0.991
10000 0.140
10000 0.967
10000 0.130
10000 0.125
10000 0.998
10000 0.147
10000 0.131
10000 0.132
10000 0.135
10000 0.115
10000 0.909
10000 0.149
10000 0.115
10000 0.140
10000 0.116
10000 0.135
10000 0.124
10000 0.142
10000 0.988
10000 0.999
10000 0.995
10000 0.120
10000 0.121
10000 0.130
10000 0.959
10000 0.106
10000 0.123
10000 0.128
10000 0.133
10000 0.145
10000 0.140
10000 0.125
10000 0.156
10000 0.128
10000 0.124
10000 0.117
10000 0.102
10000 0.147
10000 0.112
10000 0.103
10000 0.108
10000 1.000
10000 0.116
10000 0.151
10000 0.131
10000 0.114
10000 0.898
10000 0.141
10000 0.137
10000 0.113
10000 0.136
10000 0.708
10000 0.978
10000 0.119
10000 0.122
10000 0.138
10000 0.117
10000 0.137
10000 0.102
10000 0.122
10000 0.103
10000 0.131
10000 0.118
10000 0.131
10000 0.117
10000 0.983
10000 0.113
10000 0.163
10000 0.125
10000 0.110
10000 0.911
10000 0.151
10000 0.927
10000 1.000
10000 0.130
10000 0.120
10000 0.131
10000 0.122
10000 0.133
10000 0.952
10000 0.136
10000 0.131
10000 0.113
10000 0.481
10000 0.962
10000 0.127
10000 0.122
10000 0.134
10000 0.999
10000 0.124
10000 0.111
10000 0.916
10000 0.941
10000 0.969
10000 0.166
10000 0.148
10000 0.156
10000 0.124
10000 0.127
10000 0.117
10000 1.000
10000 0.142
10000 0.973
10000 0.091
10000 0.128
10000 0.139
10000 0.123
10000 1.000
10000 0.126
10000 0.139
10000 0.977
10000 0.115
10000 0.121
10000 0.985
10000 0.122
10000 0.132
10000 0.987
10000 0.115
10000 0.125
10000 0.115
10000 0.125
10000 0.135
10000 0.134
10000 0.132
10000 0.148
10000 0.952
10000 0.114
10000 0.138
10000 0.123
10000 0.159
10000 0.137
10000 0.104
10000 0.102
10000 1.000
10000 0.932
10000 0.119
10000 0.125
10000 0.118
10000 0.123
10000 0.137
10000 0.098
10000 0.119
10000 0.136
10000 0.134
10000 0.137
10000 0.117
10000 0.134
10000 0.143
10000 0.970
10000 0.116
10000 0.167
10000 0.174
10000 0.118
10000 0.098
10000 0.130
10000 0.123
10000 0.119
10000 0.128
10000 0.111
10000 0.127
10000 0.121
10000 0.121
10000 0.122
10000 0.137
10000 0.138
10000 0.100
10000 0.125
10000 0.167
10000 0.125
10000 0.111
10000 0.127
10000 0.133
10000 0.138
10000 0.094
10000 0.972
10000 0.107
10000 0.111
10000 0.142
10000 0.117
10000 0.121
10000 0.131
10000 0.979
10000 0.988
10000 0.125
10000 0.985
10000 0.111
10000 0.162
10000 0.122
10000 0.128
10000 0.121
10000 0.124
10000 0.133
10000 0.111
10000 0.121
10000 0.127
10000 0.983
10000 0.130
10000 0.136
10000 0.134
10000 0.998
10000 0.120
10000 0.093
10000 0.123
10000 0.162
10000 0.129
10000 0.986
10000 0.699
10000 0.992
10000 0.999
10000 0.127
10000 0.121
10000 0.126
