10000 0.000
10000 0.000
10000 0.000
10000 0.000
10000 0.000
10000 0.000
10000 0.000
10000 0.000
10000 0.000
10000 1.000
10000 0.000
10000 0.866
10000 0.000
10000 0.000
10000 0.061
10000 1.000
10000 1.000
10000 0.000
10000 1.000
10000 0.000
10000 0.010
10000 0.999
10000 1.000
10000 0.000
10000 0.000
10000 0.807
10000 0.000
10000 0.000
10000 0.000
10000 1.000
10000 0.000
10000 0.000
10000 0.955
10000 0.008
10000 0.000
10000 0.000
10000 0.000
10000 0.992
10000 0.000
10000 0.018
10000 0.012
10000 0.000
10000 0.000
10000 0.000
10000 0.000
10000 0.000
10000 0.000
10000 0.000
10000 0.000
10000 0.000
10000 0.000
10000 0.000
10000 1.000
10000 1.000
10000 0.000
10000 0.006
10000 0.000
10000 0.000
10000 0.000
10000 0.000
10000 0.000
10000 0.000
10000 0.000
10000 0.000
10000 0.000
10000 0.960
10000 0.016
10000 0.000
10000 1.000
10000 0.000
10000 0.000
10000 0.000
10000 0.898
10000 0.000
10000 0.000
10000 0.000
10000 0.000
10000 0.000
10000 0.000
10000 0.000
10000 1.000
10000 0.020
10000 0.008
10000 0.000
10000 0.000
10000 0.000
10000 0.000
10000 0.000
10000 0.000
10000 0.000
10000 0.000
10000 0.000
10000 0.000
10000 0.000
10000 0.000
10000 0.907
10000 0.000
10000 0.863
10000 0.000
10000 0.000
10000 0.000
10000 0.000
10000 0.000
10000 0.000
10000 0.000
10000 0.010
10000 0.000
10000 1.000
10000 0.000
10000 0.000
10000 1.000
10000 0.000
10000 0.000
10000 0.027
10000 0.000
10000 0.000
10000 1.000
10000 0.000
10000 0.000
10000 1.000
10000 0.000
10000 0.000
10000 0.000
10000 0.032
10000 0.000
10000 0.000
10000 0.000
10000 1.000
10000 0.000
10000 0.000
10000 0.000
10000 0.000
10000 0.000
10000 0.000
10000 1.000
10000 0.000
10000 0.000
10000 0.000
10000 0.000
10000 0.066
10000 0.000
10000 0.000
10000 0.000
10000 0.000
10000 0.000
10000 1.000
10000 0.000
10000 0.000
10000 0.000
10000 0.000
10000 0.000
10000 0.000
10000 0.000
10000 0.000
10000 1.000
10000 0.000
10000 0.000
10000 0.045
10000 1.000
10000 0.000
10000 0.000
10000 0.000
10000 0.000
10000 0.000
10000 0.976
10000 0.000
10000 0.872
10000 0.000
10000 0.017
10000 0.000
10000 1.000
10000 0.030
10000 0.000
10000 0.000
10000 0.000
10000 0.000
10000 0.000
10000 1.000
10000 1.000
10000 0.000
10000 0.000
10000 1.000
10000 0.000
10000 0.000
10000 0.019
10000 0.000
10000 1.000
10000 1.000
10000 0.989
10000 0.014
10000 0.000
10000 0.984
10000 0.010
10000 0.000
10000 0.016
10000 0.000
10000 0.000
10000 0.000
10000 0.008
10000 0.000
10000 0.919
10000 0.000
10000 0.000
10000 0.000
10000 0.000
10000 0.000
10000 0.000
10000 0.976
10000 0.000
10000 0.000
10000 0.000
10000 0.000
10000 0.007
10000 0.000
10000 0.000
10000 0.000
10000 0.997
10000 0.000
10000 0.959
10000 0.005
10000 0.958
10000 0.000
10000 0.000
10000 0.000
10000 1.000
10000 0.030
10000 0.000
10000 0.000
10000 0.000
10000 0.022
10000 0.000
10000 0.000
10000 0.000
10000 0.961
10000 0.000
10000 0.000
10000 0.000
10000 0.053
10000 0.000
10000 0.000
10000 0.000
10000 0.011
10000 0.000
10000 0.000
10000 0.000
10000 0.000
10000 0.000
10000 0.000
10000 0.000
10000 0.000
10000 0.000
10000 0.976
10000 0.970
10000 0.000
10000 0.000
10000 0.017
10000 0.000
10000 0.000
10000 0.908
10000 0.011
10000 0.000
10000 0.000
10000 0.000
10000 0.007
10000 0.000
10000 0.000
10000 0.000
10000 0.000
10000 0.010
10000 0.000
10000 0.017
10000 0.000
10000 0.000
10000 0.995
10000 1.000
10000 0.000
10000 0.039
10000 0.000
10000 0.000
10000 0.000
10000 0.000
10000 0.000
10000 0.000
10000 0.000
10000 0.000
10000 0.011
10000 1.000
10000 0.000
10000 0.000
10000 0.000
10000 0.009
10000 0.000
10000 0.000
10000 0.828
10000 0.007
10000 0.000
10000 0.000
10000 0.000
10000 0.000
10000 0.000
10000 0.000
10000 0.000
10000 0.000
10000 0.023
10000 0.000
10000 0.000
10000 0.014
10000 0.000
10000 0.920
10000 0.000
10000 0.000
10000 0.020
10000 0.020
10000 0.000
10000 0.893
10000 0.000
10000 1.000
10000 0.922
10000 0.983
10000 1.000
10000 0.000
10000 0.000
10000 0.000
10000 0.000
10000 0.000
10000 0.917
10000 0.000
10000 0.000
10000 0.000
10000 0.014
10000 0.000
10000 0.988
10000 0.066
10000 0.000
10000 0.000
10000 0.000
10000 0.000
10000 0.000
10000 0.000
10000 0.916
10000 0.000
10000 0.000
10000 0.000
10000 0.000
10000 0.000
10000 1.000
10000 0.000
10000 0.000
10000 0.000
10000 0.000
10000 0.000
10000 0.000
10000 0.010
10000 0.000
10000 0.000
10000 0.000
10000 0.009
10000 0.000
10000 0.000
10000 0.000
10000 0.000
10000 1.000
10000 0.000
10000 0.000
10000 0.000
10000 0.000
10000 0.000
10000 0.000
10000 0.008
10000 0.787
10000 0.000
10000 0.000
10000 0.000
10000 0.000
10000 0.000
10000 0.000
10000 0.000
10000 0.000
10000 0.000
10000 0.000
10000 0.000
10000 0.000
10000 0.010
10000 0.000
10000 0.000
10000 0.000
10000 0.991
10000 0.000
10000 0.022
10000 0.000
10000 0.000
10000 0.000
10000 0.000
10000 0.000
10000 0.000
10000 0.014
10000 0.000
10000 0.035
10000 0.000
10000 0.000
10000 0.000
10000 0.000
10000 0.000
10000 0.000
10000 1.000
10000 0.000
10000 0.007
10000 0.000
10000 0.000
10000 0.000
10000 0.000
10000 0.932
10000 0.000
10000 0.000
10000 0.000
10000 0.994
10000 0.000
10000 0.989
10000 0.000
10000 0.015
10000 0.008
10000 0.000
10000 0.000
10000 0.000
10000 0.000
10000 0.000
10000 1.000
10000 1.000
10000 0.000
10000 0.000
10000 1.000
10000 0.011
10000 0.034
10000 0.000
10000 0.000
10000 0.007
10000 0.023
10000 0.000
10000 0.007
10000 0.000
10000 0.000
10000 0.000
10000 0.000
10000 0.000
10000 0.000
10000 0.000
10000 0.015
10000 0.000
10000 0.000
10000 0.000
10000 0.000
10000 0.000
10000 0.000
10000 0.000
10000 0.014
10000 0.000
10000 0.000
10000 0.000
10000 0.000
10000 0.000
10000 0.000
10000 0.010
10000 0.000
10000 0.005
10000 0.000
10000 0.034
10000 0.000
10000 0.000
10000 0.000
10000 1.000
10000 0.957
10000 0.000
10000 0.000
10000 0.000
10000 0.000
10000 0.000
10000 0.000
10000 0.000
10000 0.000
10000 0.000
10000 0.000
10000 0.000
10000 0.000
10000 0.000
10000 0.000
10000 0.000
10000 0.000
10000 0.000
10000 0.000
10000 0.000
10000 0.000
10000 0.000
10000 0.000
10000 0.000
10000 0.000
10000 0.000
10000 0.008
10000 1.000
10000 0.000
10000 0.000
10000 0.000
10000 0.000
10000 0.000
10000 0.000
10000 0.027
10000 0.000
10000 0.000
10000 1.000
10000 0.000
10000 0.000
10000 0.000
10000 0.000
10000 0.000
10000 1.000
10000 0.000
10000 0.911
10000 0.000
10000 1.000
10000 0.953
10000 1.000
10000 0.000
10000 0.000
10000 0.000
10000 0.000
10000 0.000
10000 0.000
10000 0.000
10000 0.000
10000 0.000
10000 0.000
10000 0.000
10000 0.000
10000 1.000
10000 0.000
10000 0.033
10000 0.831
10000 0.000
10000 0.000
10000 0.000
10000 0.000
10000 0.033
10000 0.000
10000 0.000
10000 0.000
10000 1.000
10000 0.895
10000 1.000
10000 0.000
10000 0.000
10000 0.000
10000 1.000
10000 0.000
10000 0.000
10000 0.018
10000 0.000
10000 1.000
10000 0.000
10000 0.007
10000 0.000
10000 0.000
10000 0.000
10000 1.000
10000 0.000
10000 0.000
10000 0.995
10000 0.000
10000 0.000
10000 0.972
10000 1.000
10000 0.000
10000 0.010
10000 0.633
10000 0.000
10000 0.000
10000 0.021
10000 0.000
10000 0.987
10000 0.000
10000 0.000
10000 0.000
10000 0.000
10000 0.000
10000 0.029
10000 0.000
10000 0.000
10000 0.000
10000 0.000
10000 0.000
10000 0.000
10000 0.000
10000 0.034
10000 0.000
10000 0.000
10000 0.000
10000 0.000
10000 0.000
10000 0.000
10000 0.010
10000 0.000
10000 0.000
10000 0.000
10000 0.000
10000 0.025
10000 0.981
10000 0.000
10000 0.027
10000 0.000
10000 0.000
10000 0.776
10000 0.982
10000 0.000
10000 0.007
10000 0.000
10000 0.000
10000 0.000
10000 0.000
10000 0.000
10000 0.000
10000 0.000
10000 0.000
10000 0.000
10000 0.000
10000 0.000
10000 0.014
10000 0.000
10000 0.866
10000 0.940
10000 1.000
10000 0.000
10000 0.000
10000 0.000
10000 0.000
10000 1.000
10000 0.000
10000 0.987
10000 0.000
10000 0.023
10000 1.000
10000 0.000
10000 1.000
10000 0.974
10000 0.000
10000 0.000
10000 0.000
10000 0.000
10000 0.000
10000 0.000
10000 0.000
10000 1.000
10000 0.000
10000 0.033
10000 0.000
10000 0.000
10000 0.000
10000 0.000
10000 0.000
10000 0.000
10000 1.000
10000 0.000
10000 0.854
10000 1.000
10000 0.006
10000 0.000
10000 0.000
10000 0.037
10000 0.000
10000 1.000
10000 0.000
10000 0.000
10000 0.000
10000 0.032
10000 0.000
10000 0.000
10000 0.000
10000 0.000
10000 0.000
10000 0.000
10000 0.012
10000 0.000
10000 0.000
10000 0.000
10000 0.000
10000 0.000
10000 0.000
10000 0.000
10000 1.000
10000 0.000
10000 0.000
10000 0.945
10000 0.943
10000 0.000
10000 0.000
10000 0.000
10000 0.011
10000 0.000
10000 0.000
10000 0.026
10000 0.000
10000 0.000
10000 0.000
10000 0.000
10000 0.000
10000 0.000
10000 0.000
10000 0.000
10000 0.012
10000 0.042
10000 0.000
10000 0.000
10000 0.000
10000 1.000
10000 0.000
10000 0.000
10000 0.000
10000 0.000
10000 0.000
10000 0.010
10000 0.000
10000 0.000
10000 0.000
10000 1.000
10000 0.012
10000 0.009
10000 0.000
10000 0.000
10000 0.000
10000 0.000
10000 1.000
10000 0.994
10000 0.892
10000 0.000
10000 0.000
10000 0.977
10000 0.000
10000 0.000
10000 0.000
10000 0.933
10000 0.000
10000 0.012
10000 0.000
10000 0.000
10000 0.000
10000 0.000
10000 0.738
10000 0.000
10000 0.994
10000 0.000
10000 0.000
10000 0.974
10000 0.000
10000 0.000
10000 0.000
10000 0.027
10000 0.000
10000 0.952
10000 0.000
10000 0.000
10000 0.962
10000 0.041
10000 0.000
10000 0.000
10000 0.996
10000 0.013
10000 1.000
10000 0.000
10000 0.000
10000 0.000
10000 0.000
10000 0.018
10000 0.000
10000 0.000
10000 0.000
10000 0.000
10000 0.968
10000 0.000
10000 0.000
10000 0.000
10000 0.000
10000 0.000
10000 0.000
10000 0.005
10000 0.036
10000 0.000
10000 0.000
10000 0.000
10000 0.032
10000 0.000
10000 0.000
10000 0.953
10000 0.011
10000 0.000
10000 0.000
10000 0.010
10000 0.000
10000 0.000
10000 0.000
10000 0.058
10000 0.977
10000 0.000
10000 0.011
10000 0.000
10000 1.000
10000 0.000
10000 0.000
10000 0.000
10000 0.000
10000 0.000
10000 0.000
10000 0.018
10000 0.000
10000 0.000
10000 0.991
10000 0.000
10000 0.010
10000 0.000
10000 0.000
10000 0.000
10000 1.000
10000 0.000
10000 0.000
10000 0.000
10000 0.006
10000 0.979
10000 0.000
10000 1.000
10000 0.000
10000 0.000
10000 0.000
10000 0.000
10000 0.000
10000 1.000
10000 1.000
10000 0.027
10000 0.000
10000 0.000
10000 0.000
10000 0.000
10000 0.000
10000 0.000
10000 0.000
10000 0.000
10000 1.000
10000 0.000
10000 0.006
10000 0.000
10000 0.000
10000 0.000
10000 0.000
10000 0.000
10000 1.000
10000 0.966
10000 0.991
10000 0.000
10000 0.000
10000 0.000
10000 0.057
10000 0.000
10000 1.000
10000 0.000
10000 0.000
10000 0.000
10000 0.000
10000 0.017
10000 0.000
10000 0.000
10000 1.000
10000 0.000
10000 0.008
10000 0.012
10000 0.000
10000 0.000
10000 0.000
10000 0.013
10000 0.995
10000 0.000
10000 0.000
10000 0.000
10000 0.008
10000 0.030
10000 0.000
10000 1.000
10000 0.011
10000 0.000
10000 0.000
10000 0.026
10000 0.000
10000 0.019
10000 0.000
10000 0.000
10000 1.000
10000 0.000
10000 0.000
10000 0.026
10000 0.016
10000 0.000
10000 0.000
10000 0.000
10000 0.000
10000 1.000
10000 0.000
10000 1.000
10000 0.000
10000 0.000
10000 0.000
10000 1.000
10000 1.000
10000 0.000
10000 0.000
10000 0.000
10000 0.000
10000 0.000
10000 0.038
10000 0.000
10000 0.000
10000 0.000
10000 0.023
10000 0.000
10000 0.000
10000 0.000
10000 0.000
10000 0.000
10000 0.000
10000 0.000
10000 0.000
10000 0.000
10000 0.037
10000 0.000
10000 0.000
10000 0.000
10000 0.008
10000 0.000
10000 1.000
10000 0.000
10000 0.000
10000 0.000
10000 0.000
10000 0.000
10000 0.000
10000 0.030
10000 0.000
10000 0.000
10000 0.000
10000 0.014
10000 0.000
10000 0.000
10000 0.000
10000 0.000
10000 0.000
10000 0.992
10000 0.012
10000 0.000
10000 0.000
10000 0.000
10000 0.000
10000 0.000
10000 0.000
10000 0.000
10000 0.007
10000 1.000
10000 0.000
10000 0.000
10000 0.959
10000 0.000
10000 0.000
10000 0.000
10000 0.000
10000 0.988
10000 0.000
10000 0.056
10000 0.000
10000 0.000
10000 0.000
10000 0.000
10000 0.000
10000 0.000
10000 0.000
10000 0.000
10000 0.000
10000 0.000
10000 0.984
10000 0.995
10000 0.000
10000 0.000
10000 0.000
10000 0.036
10000 0.000
10000 0.000
10000 0.000
10000 0.000
10000 0.000
10000 0.010
10000 0.005
10000 0.000
10000 0.000
10000 0.000
10000 0.000
10000 0.000
10000 0.000
10000 0.000
10000 0.993
