10000 0.394
10000 1.000
10000 1.000
10000 1.000
10000 0.084
10000 0.000
10000 1.000
10000 1.000
10000 1.000
10000 0.000
10000 1.000
10000 1.000
10000 1.000
10000 1.000
10000 1.000
10000 1.000
10000 0.000
10000 1.000
10000 1.000
10000 1.000
10000 0.000
10000 0.147
10000 0.000
10000 1.000
10000 1.000
10000 1.000
10000 1.000
10000 1.000
10000 0.293
10000 0.000
10000 1.000
10000 0.191
10000 1.000
10000 0.000
10000 0.203
10000 0.726
10000 1.000
10000 0.000
10000 0.547
10000 1.000
10000 0.000
10000 0.000
10000 1.000
10000 0.000
10000 0.202
10000 0.035
10000 1.000
10000 0.028
10000 0.000
10000 1.000
10000 1.000
10000 1.000
10000 1.000
10000 1.000
10000 1.000
10000 0.044
10000 1.000
10000 1.000
10000 0.000
10000 0.000
10000 1.000
10000 1.000
10000 0.000
10000 0.528
10000 0.000
10000 1.000
10000 1.000
10000 0.000
10000 1.000
10000 0.054
10000 0.000
10000 1.000
10000 1.000
10000 0.000
10000 1.000
10000 1.000
10000 1.000
10000 1.000
10000 0.000
10000 1.000
10000 1.000
10000 0.150
10000 0.111
10000 0.977
10000 0.154
10000 1.000
10000 0.000
10000 0.130
10000 1.000
10000 1.000
10000 1.000
10000 1.000
10000 0.000
10000 1.000
10000 0.000
10000 1.000
10000 1.000
10000 0.000
10000 0.000
10000 1.000
10000 1.000
10000 1.000
10000 1.000
10000 1.000
10000 1.000
10000 1.000
10000 1.000
10000 0.000
10000 1.000
10000 1.000
10000 1.000
10000 1.000
10000 1.000
10000 0.136
10000 1.000
10000 0.000
10000 1.000
10000 0.000
10000 1.000
10000 1.000
10000 1.000
10000 1.000
10000 1.000
10000 1.000
10000 0.294
10000 1.000
10000 1.000
10000 0.000
10000 0.000
10000 0.247
10000 1.000
10000 1.000
10000 0.000
10000 0.000
10000 0.000
10000 1.000
10000 0.000
10000 1.000
10000 1.000
10000 1.000
10000 1.000
10000 1.000
10000 0.000
10000 0.000
10000 0.841
10000 0.000
10000 1.000
10000 0.000
10000 0.000
10000 0.000
10000 1.000
10000 1.000
10000 0.000
10000 1.000
10000 0.000
10000 1.000
10000 1.000
10000 1.000
10000 1.000
10000 1.000
10000 1.000
10000 1.000
10000 1.000
10000 1.000
10000 0.000
10000 1.000
10000 0.155
10000 1.000
10000 1.000
10000 1.000
10000 0.000
10000 0.150
10000 1.000
10000 1.000
10000 0.000
10000 0.000
10000 1.000
10000 0.000
10000 0.000
10000 1.000
10000 0.000
10000 1.000
10000 1.000
10000 0.169
10000 1.000
10000 0.000
10000 0.398
10000 0.000
10000 1.000
10000 1.000
10000 1.000
10000 1.000
10000 1.000
10000 0.000
10000 0.000
10000 0.007
10000 0.000
10000 1.000
10000 1.000
10000 1.000
10000 1.000
10000 1.000
10000 1.000
10000 1.000
10000 1.000
10000 1.000
10000 1.000
10000 1.000
10000 1.000
10000 1.000
10000 0.000
10000 1.000
10000 1.000
10000 0.000
10000 1.000
10000 0.188
10000 0.149
10000 1.000
10000 1.000
10000 0.000
10000 0.000
10000 1.000
10000 1.000
10000 1.000
10000 1.000
10000 0.000
10000 1.000
10000 1.000
10000 1.000
10000 1.000
10000 1.000
10000 1.000
10000 1.000
10000 0.166
10000 0.000
10000 1.000
10000 0.164
10000 1.000
10000 0.000
10000 0.146
10000 1.000
10000 1.000
10000 1.000
10000 1.000
10000 1.000
10000 0.000
10000 1.000
10000 1.000
10000 0.000
10000 1.000
10000 0.468
10000 0.000
10000 1.000
10000 1.000
10000 1.000
10000 1.000
10000 0.413
10000 1.000
10000 0.000
10000 1.000
10000 1.000
10000 1.000
10000 0.000
10000 1.000
10000 1.000
10000 1.000
10000 0.823
10000 1.000
10000 1.000
10000 0.101
10000 0.000
10000 1.000
10000 0.000
10000 0.098
10000 1.000
10000 0.000
10000 1.000
10000 1.000
10000 0.193
10000 0.000
10000 1.000
10000 1.000
10000 1.000
10000 1.000
10000 1.000
10000 1.000
10000 0.000
10000 0.000
10000 0.003
10000 0.000
10000 0.121
10000 1.000
10000 0.000
10000 1.000
10000 1.000
10000 1.000
10000 1.000
10000 0.000
10000 1.000
10000 0.020
10000 1.000
10000 0.000
10000 0.000
10000 1.000
10000 0.000
10000 0.738
10000 1.000
10000 1.000
10000 1.000
10000 1.000
10000 1.000
10000 1.000
10000 1.000
10000 1.000
10000 1.000
10000 0.388
10000 1.000
10000 1.000
10000 1.000
10000 0.000
10000 0.000
10000 0.214
10000 1.000
10000 1.000
10000 0.000
10000 1.000
10000 0.000
10000 0.000
10000 1.000
10000 1.000
10000 0.000
10000 1.000
10000 1.000
10000 0.000
10000 0.000
10000 1.000
10000 1.000
10000 0.105
10000 1.000
10000 1.000
10000 0.174
10000 0.022
10000 0.000
10000 0.000
10000 1.000
10000 0.159
10000 0.139
10000 1.000
10000 1.000
10000 1.000
10000 0.000
10000 1.000
10000 0.000
10000 0.000
10000 1.000
10000 1.000
10000 1.000
10000 1.000
10000 1.000
10000 0.000
10000 0.000
10000 0.216
10000 1.000
10000 1.000
10000 1.000
10000 0.000
10000 1.000
10000 1.000
10000 1.000
10000 1.000
10000 1.000
10000 1.000
10000 1.000
10000 1.000
10000 1.000
10000 0.649
10000 0.000
10000 1.000
10000 0.000
10000 1.000
10000 0.000
10000 1.000
10000 1.000
10000 0.000
10000 1.000
10000 1.000
10000 0.705
10000 0.221
10000 1.000
10000 1.000
10000 1.000
10000 1.000
10000 0.186
10000 1.000
10000 1.000
10000 1.000
10000 1.000
10000 1.000
10000 0.000
10000 1.000
10000 0.000
10000 1.000
10000 0.677
10000 1.000
10000 0.000
10000 0.000
10000 1.000
10000 1.000
10000 0.374
10000 1.000
10000 1.000
10000 1.000
10000 1.000
10000 1.000
10000 0.000
10000 0.000
10000 1.000
10000 0.000
10000 0.000
10000 0.000
10000 1.000
10000 1.000
10000 1.000
10000 1.000
10000 1.000
10000 1.000
10000 1.000
10000 0.224
10000 1.000
10000 1.000
10000 1.000
10000 1.000
10000 0.000
10000 0.124
10000 1.000
10000 0.000
10000 1.000
10000 0.000
10000 1.000
10000 0.000
10000 0.000
10000 0.132
10000 1.000
10000 0.000
10000 0.000
10000 0.000
10000 1.000
10000 1.000
10000 0.000
10000 0.988
10000 1.000
10000 1.000
10000 1.000
10000 0.285
10000 1.000
10000 0.000
10000 1.000
10000 1.000
10000 1.000
10000 0.000
10000 1.000
10000 0.917
10000 0.000
10000 1.000
10000 1.000
10000 0.000
10000 1.000
10000 1.000
10000 0.000
10000 0.000
10000 0.000
10000 0.251
10000 0.000
10000 0.080
10000 1.000
10000 1.000
10000 1.000
10000 1.000
10000 1.000
10000 1.000
10000 1.000
10000 1.000
10000 1.000
10000 1.000
10000 0.924
10000 1.000
10000 1.000
10000 1.000
10000 1.000
10000 0.000
10000 0.000
10000 1.000
10000 1.000
10000 1.000
10000 0.000
10000 1.000
10000 1.000
10000 0.000
10000 1.000
10000 0.000
10000 1.000
10000 1.000
10000 1.000
10000 0.000
10000 1.000
10000 0.000
10000 0.000
10000 0.000
10000 1.000
10000 0.000
10000 1.000
10000 1.000
10000 0.000
10000 1.000
10000 1.000
10000 0.971
10000 1.000
10000 1.000
10000 1.000
10000 0.261
10000 1.000
10000 1.000
10000 0.000
10000 0.165
10000 1.000
10000 1.000
10000 1.000
10000 0.211
10000 1.000
10000 0.000
10000 0.152
10000 0.421
10000 1.000
10000 0.299
10000 1.000
10000 0.148
10000 1.000
10000 1.000
10000 1.000
10000 0.000
10000 0.105
10000 1.000
10000 1.000
10000 1.000
10000 1.000
10000 1.000
10000 0.000
10000 1.000
10000 0.000
10000 0.000
10000 0.107
10000 1.000
10000 0.174
10000 0.000
10000 1.000
10000 0.000
10000 1.000
10000 1.000
10000 0.000
10000 1.000
10000 0.000
10000 1.000
10000 0.000
10000 1.000
10000 1.000
10000 0.245
10000 1.000
10000 0.085
10000 0.000
10000 0.229
10000 1.000
10000 0.272
10000 0.000
10000 1.000
10000 0.000
10000 1.000
10000 1.000
10000 1.000
10000 1.000
10000 1.000
10000 1.000
10000 1.000
10000 1.000
10000 1.000
10000 1.000
10000 1.000
10000 1.000
10000 0.000
10000 1.000
10000 1.000
10000 1.000
10000 0.000
10000 0.000
10000 1.000
10000 0.000
10000 1.000
10000 1.000
10000 1.000
10000 1.000
10000 0.380
10000 0.000
10000 0.000
10000 1.000
10000 0.201
10000 1.000
10000 1.000
10000 1.000
10000 0.000
10000 1.000
10000 0.000
10000 0.000
10000 1.000
10000 0.000
10000 1.000
10000 1.000
10000 0.000
10000 1.000
10000 0.000
10000 0.098
10000 1.000
10000 1.000
10000 0.000
10000 0.000
10000 0.000
10000 1.000
10000 1.000
10000 1.000
10000 1.000
10000 0.000
10000 1.000
10000 1.000
10000 1.000
10000 1.000
10000 1.000
10000 1.000
10000 1.000
10000 0.000
10000 1.000
10000 1.000
10000 0.000
10000 0.000
10000 1.000
10000 1.000
10000 1.000
10000 1.000
10000 1.000
10000 0.775
10000 1.000
10000 0.000
10000 1.000
10000 1.000
10000 1.000
10000 0.221
10000 0.157
10000 0.085
10000 1.000
10000 1.000
10000 1.000
10000 1.000
10000 1.000
10000 0.534
10000 0.000
10000 1.000
10000 0.133
10000 0.000
10000 1.000
10000 0.170
10000 1.000
10000 0.000
10000 1.000
10000 1.000
10000 0.000
10000 1.000
10000 1.000
10000 0.000
10000 1.000
10000 1.000
10000 0.000
10000 1.000
10000 0.585
10000 1.000
10000 1.000
10000 1.000
10000 1.000
10000 1.000
10000 1.000
10000 1.000
10000 0.000
10000 1.000
10000 1.000
10000 1.000
10000 0.000
10000 1.000
10000 0.208
10000 0.000
10000 1.000
10000 1.000
10000 1.000
10000 0.000
10000 1.000
10000 0.000
10000 0.136
10000 1.000
10000 1.000
10000 1.000
10000 0.126
10000 1.000
10000 0.311
10000 0.000
10000 1.000
10000 0.147
10000 1.000
10000 0.158
10000 1.000
10000 1.000
10000 0.032
10000 1.000
10000 1.000
10000 1.000
10000 0.000
10000 1.000
10000 1.000
10000 1.000
10000 1.000
10000 0.000
10000 0.000
10000 0.000
10000 0.042
10000 1.000
10000 0.157
10000 1.000
10000 1.000
10000 0.000
10000 1.000
10000 1.000
10000 0.120
10000 1.000
10000 1.000
10000 0.998
10000 0.000
10000 1.000
10000 0.000
10000 0.000
10000 1.000
10000 1.000
10000 1.000
10000 0.000
10000 0.008
10000 1.000
10000 0.000
10000 1.000
10000 0.000
10000 0.264
10000 0.000
10000 0.968
10000 1.000
10000 0.000
10000 1.000
10000 1.000
10000 1.000
10000 0.123
10000 0.199
10000 0.000
10000 1.000
10000 1.000
10000 1.000
10000 1.000
10000 0.000
10000 1.000
10000 1.000
10000 1.000
10000 1.000
10000 1.000
10000 1.000
10000 1.000
10000 1.000
10000 1.000
10000 1.000
10000 1.000
10000 0.000
10000 0.501
10000 1.000
10000 1.000
10000 1.000
10000 1.000
10000 1.000
10000 1.000
10000 0.172
10000 0.000
10000 0.000
10000 1.000
10000 1.000
10000 1.000
10000 1.000
10000 1.000
10000 1.000
10000 1.000
10000 0.000
10000 0.000
10000 1.000
10000 1.000
10000 1.000
10000 0.000
10000 1.000
10000 1.000
10000 0.000
10000 1.000
10000 1.000
10000 1.000
10000 0.000
10000 0.000
10000 1.000
10000 0.254
10000 1.000
10000 1.000
10000 0.386
10000 1.000
10000 1.000
10000 1.000
10000 0.000
10000 1.000
10000 1.000
10000 1.000
10000 1.000
10000 1.000
10000 1.000
10000 0.000
10000 0.000
10000 1.000
10000 1.000
10000 0.000
10000 1.000
10000 0.130
10000 1.000
10000 0.000
10000 1.000
10000 1.000
10000 0.388
10000 0.000
10000 0.919
10000 0.000
10000 0.000
10000 0.000
10000 1.000
10000 1.000
10000 1.000
10000 1.000
10000 1.000
10000 0.994
10000 0.000
10000 1.000
10000 0.000
10000 1.000
10000 1.000
10000 1.000
10000 0.000
10000 1.000
10000 0.172
10000 1.000
10000 0.000
10000 0.000
10000 1.000
10000 1.000
10000 1.000
10000 0.382
10000 0.000
10000 1.000
10000 1.000
10000 0.000
10000 0.759
10000 1.000
10000 1.000
10000 0.170
10000 1.000
10000 1.000
10000 1.000
10000 0.000
10000 0.000
10000 1.000
10000 1.000
10000 1.000
10000 0.487
10000 1.000
10000 0.919
10000 1.000
10000 0.967
10000 0.000
10000 1.000
10000 1.000
10000 1.000
10000 0.158
10000 0.000
10000 1.000
10000 1.000
10000 1.000
10000 1.000
10000 1.000
10000 0.000
10000 0.117
10000 1.000
10000 1.000
10000 0.163
10000 1.000
10000 1.000
10000 1.000
10000 0.975
10000 1.000
10000 1.000
10000 0.119
10000 1.000
10000 1.000
10000 0.095
10000 1.000
10000 1.000
10000 1.000
10000 1.000
10000 0.157
10000 0.182
10000 1.000
10000 0.000
10000 0.000
10000 0.000
10000 0.000
10000 0.510
10000 0.000
10000 0.000
10000 0.000
10000 1.000
10000 1.000
10000 0.143
10000 1.000
10000 1.000
10000 1.000
10000 1.000
10000 0.176
10000 1.000
10000 1.000
10000 0.221
10000 1.000
10000 1.000
10000 1.000
10000 0.076
10000 0.039
10000 1.000
10000 1.000
10000 1.000
10000 0.917
10000 0.000
10000 1.000
10000 0.479
10000 1.000
10000 1.000
10000 1.000
10000 0.000
10000 1.000
10000 1.000
10000 1.000
10000 1.000
10000 1.000
10000 1.000
10000 0.000
10000 1.000
10000 1.000
10000 1.000
10000 0.000
10000 0.107
10000 1.000
10000 1.000
10000 0.325
10000 1.000
10000 1.000
10000 1.000
10000 1.000
10000 1.000
10000 0.000
10000 0.242
10000 0.000
10000 1.000
10000 1.000
10000 1.000
10000 1.000
10000 1.000
10000 1.000
10000 1.000
10000 0.000
10000 0.000
10000 0.000
10000 1.000
10000 1.000
10000 1.000
10000 0.000
10000 0.000
10000 1.000
10000 1.000
10000 0.000
10000 0.000
10000 1.000
10000 0.000
10000 1.000
10000 1.000
