10000 0.000
10000 1.000
10000 1.000
10000 1.000
10000 0.000
10000 1.000
10000 0.000
10000 0.000
10000 1.000
10000 1.000
10000 1.000
10000 1.000
10000 0.000
10000 0.000
10000 0.000
10000 0.000
10000 1.000
10000 0.000
10000 0.000
10000 1.000
10000 0.000
10000 0.000
10000 0.000
10000 1.000
10000 0.000
10000 1.000
10000 0.000
10000 0.000
10000 1.000
10000 0.000
10000 1.000
10000 0.000
10000 1.000
10000 0.000
10000 1.000
10000 1.000
10000 1.000
10000 1.000
10000 0.228
10000 0.000
10000 1.000
10000 1.000
10000 0.000
10000 1.000
10000 1.000
10000 1.000
10000 0.000
10000 1.000
10000 0.000
10000 0.000
10000 0.000
10000 0.000
10000 0.000
10000 0.000
10000 0.000
10000 1.000
10000 0.000
10000 0.000
10000 0.999
10000 1.000
10000 0.000
10000 1.000
10000 1.000
10000 1.000
10000 1.000
10000 1.000
10000 0.000
10000 1.000
10000 1.000
10000 0.000
10000 0.000
10000 0.997
10000 1.000
10000 1.000
10000 0.032
10000 1.000
10000 1.000
10000 1.000
10000 0.000
10000 0.000
10000 1.000
10000 0.000
10000 1.000
10000 0.967
10000 0.000
10000 0.000
10000 0.000
10000 0.000
10000 1.000
10000 1.000
10000 1.000
10000 0.000
10000 0.000
10000 1.000
10000 0.000
10000 1.000
10000 1.000
10000 0.000
10000 1.000
10000 0.000
10000 0.000
10000 0.000
10000 1.000
10000 1.000
10000 0.000
10000 1.000
10000 0.000
10000 1.000
10000 1.000
10000 0.967
10000 0.000
10000 1.000
10000 0.000
10000 0.000
10000 0.000
10000 0.000
10000 0.000
10000 1.000
10000 1.000
10000 0.000
10000 1.000
10000 1.000
10000 1.000
10000 1.000
10000 1.000
10000 0.000
10000 0.000
10000 0.000
10000 0.000
10000 0.000
10000 1.000
10000 1.000
10000 1.000
10000 0.000
10000 0.000
10000 0.000
10000 1.000
10000 0.000
10000 0.964
10000 1.000
10000 0.000
10000 0.000
10000 1.000
10000 1.000
10000 1.000
10000 1.000
10000 1.000
10000 0.000
10000 0.000
10000 0.000
10000 0.000
10000 1.000
10000 0.000
10000 0.000
10000 1.000
10000 1.000
10000 1.000
10000 0.000
10000 0.000
10000 0.000
10000 1.000
10000 1.000
10000 0.000
10000 0.000
10000 1.000
10000 1.000
10000 1.000
10000 0.000
10000 1.000
10000 0.000
10000 1.000
10000 1.000
10000 1.000
10000 1.000
10000 0.000
10000 0.000
10000 1.000
10000 1.000
10000 0.000
10000 1.000
10000 0.000
10000 1.000
10000 0.000
10000 1.000
10000 0.000
10000 1.000
10000 1.000
10000 1.000
10000 1.000
10000 1.000
10000 1.000
10000 1.000
10000 0.000
10000 0.000
10000 0.000
10000 1.000
10000 1.000
10000 0.000
10000 1.000
10000 0.000
10000 1.000
10000 0.000
10000 0.000
10000 0.000
10000 0.000
10000 0.000
10000 0.000
10000 1.000
10000 1.000
10000 0.000
10000 1.000
10000 1.000
10000 1.000
10000 0.000
10000 0.074
10000 0.000
10000 1.000
10000 0.000
10000 1.000
10000 0.000
10000 1.000
10000 1.000
10000 0.000
10000 0.876
10000 0.000
10000 1.000
10000 1.000
10000 0.000
10000 1.000
10000 0.000
10000 0.000
10000 0.000
10000 0.000
10000 0.000
10000 0.000
10000 1.000
10000 0.000
10000 1.000
10000 1.000
10000 1.000
10000 0.000
10000 0.000
10000 0.000
10000 0.000
10000 0.000
10000 0.000
10000 0.000
10000 0.000
10000 0.000
10000 0.000
10000 0.379
10000 0.000
10000 1.000
10000 1.000
10000 0.000
10000 0.000
10000 1.000
10000 1.000
10000 1.000
10000 0.000
10000 1.000
10000 1.000
10000 0.000
10000 0.000
10000 0.000
10000 0.973
10000 0.000
10000 1.000
10000 0.000
10000 1.000
10000 0.000
10000 0.000
10000 1.000
10000 0.000
10000 0.910
10000 0.000
10000 1.000
10000 1.000
10000 1.000
10000 0.000
10000 0.000
10000 0.000
10000 0.000
10000 0.000
10000 0.000
10000 0.000
10000 0.000
10000 1.000
10000 1.000
10000 1.000
10000 1.000
10000 1.000
10000 1.000
10000 1.000
10000 0.000
10000 0.000
10000 0.000
10000 0.000
10000 1.000
10000 0.000
10000 0.000
10000 0.000
10000 1.000
10000 0.000
10000 1.000
10000 1.000
10000 1.000
10000 0.000
10000 1.000
10000 1.000
10000 0.000
10000 0.000
10000 0.000
10000 0.000
10000 0.961
10000 0.000
10000 1.000
10000 1.000
10000 0.000
10000 0.000
10000 0.000
10000 0.105
10000 0.000
10000 0.000
10000 1.000
10000 1.000
10000 1.000
10000 0.000
10000 0.000
10000 0.000
10000 1.000
10000 1.000
10000 0.000
10000 1.000
10000 1.000
10000 0.000
10000 0.942
10000 0.000
10000 1.000
10000 1.000
10000 1.000
10000 0.000
10000 0.000
10000 1.000
10000 0.000
10000 1.000
10000 1.000
10000 0.000
10000 0.000
10000 0.000
10000 1.000
10000 1.000
10000 0.000
10000 0.000
10000 0.000
10000 1.000
10000 0.000
10000 0.000
10000 0.000
10000 1.000
10000 1.000
10000 0.777
10000 1.000
10000 0.000
10000 0.000
10000 0.000
10000 0.000
10000 0.000
10000 1.000
10000 0.000
10000 0.000
10000 0.000
10000 1.000
10000 1.000
10000 1.000
10000 1.000
10000 0.000
10000 0.000
10000 1.000
10000 1.000
10000 1.000
10000 0.000
10000 0.000
10000 0.000
10000 0.000
10000 1.000
10000 0.000
10000 0.000
10000 1.000
10000 0.000
10000 1.000
10000 1.000
10000 1.000
10000 0.000
10000 1.000
10000 1.000
10000 1.000
10000 0.000
10000 0.000
10000 1.000
10000 0.000
10000 1.000
10000 1.000
10000 1.000
10000 1.000
10000 1.000
10000 1.000
10000 0.000
10000 1.000
10000 1.000
10000 0.000
10000 0.000
10000 0.000
10000 0.000
10000 0.000
10000 1.000
10000 0.000
10000 0.000
10000 1.000
10000 0.000
10000 1.000
10000 0.000
10000 0.000
10000 0.000
10000 0.000
10000 1.000
10000 0.919
10000 0.000
10000 0.000
10000 0.000
10000 1.000
10000 1.000
10000 0.000
10000 0.000
10000 1.000
10000 1.000
10000 1.000
10000 1.000
10000 1.000
10000 1.000
10000 0.000
10000 1.000
10000 0.000
10000 0.000
10000 0.000
10000 0.000
10000 0.000
10000 0.000
10000 1.000
10000 0.973
10000 1.000
10000 1.000
10000 1.000
10000 1.000
10000 0.000
10000 1.000
10000 0.000
10000 1.000
10000 0.000
10000 0.000
10000 0.000
10000 0.909
10000 1.000
10000 0.000
10000 0.000
10000 1.000
10000 0.000
10000 1.000
10000 0.000
10000 0.000
10000 0.000
10000 0.000
10000 0.000
10000 0.000
10000 1.000
10000 1.000
10000 1.000
10000 0.000
10000 1.000
10000 0.000
10000 0.000
10000 0.000
10000 1.000
10000 1.000
10000 1.000
10000 1.000
10000 1.000
10000 1.000
10000 1.000
10000 0.000
10000 1.000
10000 1.000
10000 1.000
10000 0.000
10000 0.000
10000 1.000
10000 0.000
10000 1.000
10000 0.000
10000 0.000
10000 0.000
10000 0.000
10000 1.000
10000 0.000
10000 0.295
10000 0.000
10000 0.000
10000 0.000
10000 1.000
10000 0.000
10000 1.000
10000 0.000
10000 1.000
10000 1.000
10000 1.000
10000 0.000
10000 0.000
10000 1.000
10000 0.000
10000 1.000
10000 1.000
10000 0.000
10000 1.000
10000 0.000
10000 0.000
10000 1.000
10000 1.000
10000 1.000
10000 1.000
10000 0.000
10000 1.000
10000 1.000
10000 1.000
10000 1.000
10000 0.000
10000 1.000
10000 1.000
10000 0.000
10000 0.000
10000 0.000
10000 0.000
10000 0.000
10000 1.000
10000 1.000
10000 0.000
10000 0.000
10000 1.000
10000 0.000
10000 0.000
10000 1.000
10000 1.000
10000 1.000
10000 0.000
10000 0.000
10000 0.000
10000 0.000
10000 1.000
10000 0.000
10000 1.000
10000 1.000
10000 0.000
10000 0.000
10000 1.000
10000 1.000
10000 1.000
10000 0.307
10000 0.000
10000 1.000
10000 0.715
10000 1.000
10000 0.222
10000 0.169
10000 1.000
10000 0.000
10000 0.000
10000 1.000
10000 1.000
10000 0.000
10000 0.000
10000 0.000
10000 1.000
10000 0.000
10000 0.000
10000 1.000
10000 1.000
10000 0.000
10000 0.000
10000 0.000
10000 1.000
10000 0.743
10000 0.000
10000 0.000
10000 1.000
10000 0.000
10000 0.000
10000 0.000
10000 1.000
10000 1.000
10000 1.000
10000 1.000
10000 0.000
10000 1.000
10000 1.000
10000 1.000
10000 0.000
10000 0.000
10000 0.000
10000 0.000
10000 1.000
10000 1.000
10000 1.000
10000 0.000
10000 1.000
10000 0.000
10000 0.000
10000 0.000
10000 1.000
10000 0.000
10000 1.000
10000 0.000
10000 1.000
10000 1.000
10000 0.000
10000 0.000
10000 1.000
10000 0.000
10000 1.000
10000 0.000
10000 1.000
10000 0.000
10000 0.000
10000 1.000
10000 0.000
10000 1.000
10000 0.000
10000 1.000
10000 1.000
10000 0.000
10000 0.000
10000 1.000
10000 0.000
10000 0.000
10000 1.000
10000 1.000
10000 0.000
10000 0.000
10000 0.814
10000 1.000
10000 0.000
10000 0.000
10000 1.000
10000 0.000
10000 0.000
10000 0.000
10000 0.000
10000 1.000
10000 1.000
10000 1.000
10000 0.000
10000 0.000
10000 1.000
10000 0.000
10000 1.000
10000 1.000
10000 0.230
10000 0.000
10000 0.000
10000 0.000
10000 0.102
10000 0.000
10000 1.000
10000 0.000
10000 0.000
10000 0.000
10000 1.000
10000 0.000
10000 1.000
10000 0.000
10000 0.000
10000 0.000
10000 0.000
10000 1.000
10000 1.000
10000 0.000
10000 1.000
10000 0.000
10000 0.000
10000 0.000
10000 0.000
10000 1.000
10000 0.000
10000 0.000
10000 1.000
10000 1.000
10000 0.000
10000 1.000
10000 0.000
10000 0.000
10000 0.000
10000 1.000
10000 0.000
10000 0.023
10000 0.000
10000 0.000
10000 0.000
10000 0.000
10000 1.000
10000 1.000
10000 0.000
10000 1.000
10000 0.000
10000 0.000
10000 1.000
10000 1.000
10000 0.000
10000 1.000
10000 0.000
10000 0.000
10000 1.000
10000 0.000
10000 0.000
10000 0.000
10000 0.000
10000 1.000
10000 1.000
10000 0.000
10000 0.000
10000 1.000
10000 0.000
10000 0.961
10000 0.000
10000 0.000
10000 0.000
10000 1.000
10000 0.000
10000 1.000
10000 0.000
10000 0.000
10000 0.000
10000 1.000
10000 0.000
10000 0.000
10000 0.000
10000 0.000
10000 1.000
10000 0.000
10000 1.000
10000 1.000
10000 0.000
10000 1.000
10000 0.000
10000 0.000
10000 1.000
10000 1.000
10000 0.966
10000 1.000
10000 0.000
10000 0.033
10000 1.000
10000 1.000
10000 0.000
10000 1.000
10000 0.000
10000 0.000
10000 0.000
10000 1.000
10000 1.000
10000 0.000
10000 0.000
10000 1.000
10000 1.000
10000 1.000
10000 0.000
10000 1.000
10000 0.000
10000 1.000
10000 0.000
10000 1.000
10000 1.000
10000 0.000
10000 1.000
10000 0.000
10000 0.000
10000 1.000
10000 1.000
10000 0.000
10000 0.000
10000 0.000
10000 1.000
10000 1.000
10000 0.000
10000 1.000
10000 1.000
10000 0.000
10000 1.000
10000 1.000
10000 0.000
10000 0.000
10000 1.000
10000 1.000
10000 1.000
10000 1.000
10000 1.000
10000 0.000
10000 0.000
10000 1.000
10000 1.000
10000 0.000
10000 1.000
10000 1.000
10000 0.000
10000 0.000
10000 0.000
10000 0.000
10000 1.000
10000 1.000
10000 1.000
10000 0.000
10000 1.000
10000 0.000
10000 0.000
10000 0.000
10000 0.000
10000 1.000
10000 1.000
10000 0.000
10000 0.000
10000 0.000
10000 0.000
10000 1.000
10000 0.000
10000 0.000
10000 0.000
10000 1.000
10000 1.000
10000 0.000
10000 1.000
10000 1.000
10000 1.000
10000 1.000
10000 1.000
10000 0.000
10000 0.000
10000 1.000
10000 0.000
10000 0.000
10000 0.000
10000 0.000
10000 0.975
10000 1.000
10000 0.000
10000 0.000
10000 1.000
10000 1.000
10000 1.000
10000 0.000
10000 0.000
10000 1.000
10000 0.000
10000 0.000
10000 0.000
10000 1.000
10000 1.000
10000 0.000
10000 1.000
10000 1.000
10000 1.000
10000 0.000
10000 1.000
10000 0.194
10000 0.000
10000 0.000
10000 0.000
10000 1.000
10000 1.000
10000 0.000
10000 0.000
10000 0.000
10000 0.000
10000 0.000
10000 1.000
10000 0.000
10000 0.000
10000 0.860
10000 0.000
10000 0.000
10000 0.000
10000 1.000
10000 0.000
10000 1.000
10000 1.000
10000 0.000
10000 0.000
10000 0.000
10000 1.000
10000 1.000
10000 0.000
10000 1.000
10000 0.000
10000 0.000
10000 1.000
10000 1.000
10000 1.000
10000 0.128
10000 0.000
10000 0.000
10000 1.000
10000 0.000
10000 0.000
10000 0.000
10000 0.000
10000 0.000
10000 1.000
10000 1.000
10000 1.000
10000 1.000
10000 0.000
10000 0.000
10000 1.000
10000 0.000
10000 1.000
10000 0.000
10000 1.000
10000 0.329
10000 1.000
10000 0.000
10000 0.000
10000 0.921
10000 0.000
10000 0.000
10000 0.000
10000 0.000
10000 0.000
10000 1.000
10000 1.000
10000 0.000
10000 1.000
10000 1.000
10000 1.000
10000 0.000
10000 0.000
10000 1.000
10000 0.000
10000 0.000
10000 0.000
10000 1.000
10000 1.000
10000 1.000
10000 1.000
10000 1.000
10000 1.000
10000 0.000
10000 1.000
10000 0.000
10000 1.000
10000 1.000
10000 1.000
10000 1.000
10000 1.000
10000 1.000
10000 1.000
10000 0.000
10000 0.000
10000 0.000
10000 0.000
10000 0.000
10000 0.000
10000 0.000
10000 1.000
10000 0.000
10000 0.000
10000 1.000
10000 0.000
10000 1.000
10000 1.000
10000 0.000
10000 1.000
10000 0.000
10000 0.000
10000 0.000
10000 0.000
10000 0.000
10000 1.000
10000 0.000
10000 0.000
10000 1.000
10000 0.000
10000 0.000
10000 0.000
10000 0.000
10000 1.000
10000 0.000
10000 1.000
10000 1.000
10000 0.000
10000 1.000
10000 1.000
10000 0.000
10000 0.000
10000 0.000
