10000 1.000
10000 0.002
10000 1.000
10000 1.000
10000 0.000
10000 1.000
10000 0.000
10000 0.000
10000 0.156
10000 1.000
10000 0.002
10000 0.012
10000 1.000
10000 1.000
10000 0.029
10000 1.000
10000 1.000
10000 1.000
10000 0.000
10000 1.000
10000 1.000
10000 1.000
10000 0.000
10000 1.000
10000 0.000
10000 1.000
10000 0.000
10000 0.084
10000 1.000
10000 0.000
10000 0.000
10000 1.000
10000 1.000
10000 0.000
10000 1.000
10000 1.000
10000 1.000
10000 1.000
10000 1.000
10000 1.000
10000 1.000
10000 1.000
10000 1.000
10000 1.000
10000 0.000
10000 1.000
10000 0.014
10000 0.000
10000 0.013
10000 0.000
10000 1.000
10000 0.097
10000 1.000
10000 0.000
10000 1.000
10000 0.169
10000 1.000
10000 1.000
10000 1.000
10000 1.000
10000 0.004
10000 1.000
10000 0.000
10000 1.000
10000 0.297
10000 0.006
10000 1.000
10000 0.000
10000 0.000
10000 0.085
10000 0.000
10000 0.000
10000 1.000
10000 1.000
10000 1.000
10000 0.999
10000 1.000
10000 0.000
10000 1.000
10000 0.000
10000 1.000
10000 0.000
10000 0.000
10000 1.000
10000 0.214
10000 0.001
10000 1.000
10000 1.000
10000 1.000
10000 1.000
10000 1.000
10000 0.000
10000 0.000
10000 1.000
10000 1.000
10000 1.000
10000 1.000
10000 0.000
10000 1.000
10000 0.000
10000 0.000
10000 0.010
10000 0.001
10000 1.000
10000 1.000
10000 0.000
10000 1.000
10000 1.000
10000 1.000
10000 1.000
10000 0.001
10000 0.000
10000 0.981
10000 1.000
10000 0.000
10000 0.000
10000 1.000
10000 1.000
10000 0.000
10000 1.000
10000 0.000
10000 1.000
10000 1.000
10000 1.000
10000 1.000
10000 0.000
10000 1.000
10000 1.000
10000 0.000
10000 0.000
10000 1.000
10000 1.000
10000 0.090
10000 1.000
10000 0.000
10000 1.000
10000 1.000
10000 1.000
10000 0.000
10000 0.000
10000 1.000
10000 1.000
10000 1.000
10000 0.000
10000 1.000
10000 1.000
10000 1.000
10000 0.015
10000 1.000
10000 0.000
10000 1.000
10000 0.295
10000 0.000
10000 0.000
10000 0.016
10000 0.000
10000 1.000
10000 1.000
10000 0.003
10000 1.000
10000 1.000
10000 1.000
10000 0.000
10000 0.001
10000 0.004
10000 1.000
10000 0.000
10000 1.000
10000 0.000
10000 1.000
10000 1.000
10000 1.000
10000 0.000
10000 1.000
10000 1.000
10000 0.057
10000 1.000
10000 1.000
10000 1.000
10000 1.000
10000 1.000
10000 1.000
10000 0.000
10000 1.000
10000 0.095
10000 1.000
10000 0.000
10000 1.000
10000 0.000
10000 1.000
10000 1.000
10000 1.000
10000 0.110
10000 1.000
10000 0.000
10000 0.020
10000 0.000
10000 0.000
10000 1.000
10000 1.000
10000 1.000
10000 0.000
10000 0.000
10000 1.000
10000 1.000
10000 0.000
10000 1.000
10000 0.000
10000 0.000
10000 1.000
10000 1.000
10000 1.000
10000 1.000
10000 0.005
10000 0.000
10000 0.000
10000 0.087
10000 0.000
10000 1.000
10000 1.000
10000 1.000
10000 0.000
10000 0.021
10000 0.000
10000 1.000
10000 0.000
10000 0.000
10000 0.000
10000 0.000
10000 0.000
10000 0.000
10000 0.013
10000 0.152
10000 1.000
10000 1.000
10000 1.000
10000 1.000
10000 1.000
10000 1.000
10000 1.000
10000 0.000
10000 0.000
10000 0.002
10000 0.005
10000 1.000
10000 0.113
10000 1.000
10000 1.000
10000 0.000
10000 1.000
10000 1.000
10000 1.000
10000 1.000
10000 0.000
10000 1.000
10000 0.000
10000 1.000
10000 1.000
10000 0.000
10000 0.000
10000 1.000
10000 0.000
10000 0.000
10000 0.034
10000 0.000
10000 1.000
10000 1.000
10000 1.000
10000 1.000
10000 1.000
10000 1.000
10000 1.000
10000 1.000
10000 1.000
10000 1.000
10000 0.004
10000 1.000
10000 1.000
10000 0.000
10000 1.000
10000 0.000
10000 1.000
10000 1.000
10000 1.000
10000 1.000
10000 0.000
10000 1.000
10000 0.000
10000 0.099
10000 0.000
10000 0.000
10000 0.000
10000 1.000
10000 1.000
10000 0.013
10000 0.000
10000 1.000
10000 1.000
10000 1.000
10000 0.000
10000 0.000
10000 0.023
10000 0.000
10000 0.000
10000 0.000
10000 0.204
10000 1.000
10000 0.000
10000 1.000
10000 0.048
10000 1.000
10000 0.040
10000 0.000
10000 0.000
10000 1.000
10000 0.000
10000 1.000
10000 1.000
10000 1.000
10000 0.000
10000 1.000
10000 1.000
10000 0.001
10000 1.000
10000 1.000
10000 0.011
10000 1.000
10000 0.000
10000 1.000
10000 0.000
10000 0.000
10000 0.000
10000 1.000
10000 1.000
10000 0.000
10000 1.000
10000 1.000
10000 0.000
10000 0.009
10000 0.000
10000 1.000
10000 1.000
10000 0.000
10000 1.000
10000 0.000
10000 0.041
10000 1.000
10000 1.000
10000 0.000
10000 1.000
10000 1.000
10000 1.000
10000 1.000
10000 1.000
10000 1.000
10000 0.000
10000 0.026
10000 0.002
10000 0.042
10000 0.000
10000 0.000
10000 0.000
10000 0.000
10000 1.000
10000 1.000
10000 0.078
10000 1.000
10000 1.000
10000 1.000
10000 1.000
10000 1.000
10000 1.000
10000 0.000
10000 0.001
10000 1.000
10000 1.000
10000 0.000
10000 0.000
10000 0.000
10000 1.000
10000 1.000
10000 0.000
10000 1.000
10000 0.113
10000 0.002
10000 1.000
10000 1.000
10000 1.000
10000 0.036
10000 1.000
10000 0.022
10000 1.000
10000 0.000
10000 1.000
10000 0.105
10000 0.005
10000 0.000
10000 0.000
10000 1.000
10000 0.000
10000 1.000
10000 1.000
10000 1.000
10000 1.000
10000 0.000
10000 0.000
10000 1.000
10000 1.000
10000 0.000
10000 1.000
10000 1.000
10000 1.000
10000 1.000
10000 0.000
10000 0.000
10000 0.000
10000 0.000
10000 1.000
10000 1.000
10000 1.000
10000 0.000
10000 1.000
10000 0.000
10000 0.000
10000 1.000
10000 1.000
10000 0.662
10000 1.000
10000 1.000
10000 0.000
10000 0.000
10000 0.999
10000 1.000
10000 1.000
10000 1.000
10000 1.000
10000 1.000
10000 0.007
10000 0.000
10000 1.000
10000 1.000
10000 1.000
10000 1.000
10000 0.000
10000 1.000
10000 0.000
10000 1.000
10000 1.000
10000 1.000
10000 1.000
10000 1.000
10000 1.000
10000 1.000
10000 1.000
10000 1.000
10000 1.000
10000 0.000
10000 1.000
10000 1.000
10000 0.000
10000 0.025
10000 1.000
10000 1.000
10000 0.090
10000 0.113
10000 1.000
10000 0.072
10000 0.000
10000 1.000
10000 1.000
10000 1.000
10000 0.000
10000 0.000
10000 0.000
10000 1.000
10000 0.000
10000 1.000
10000 1.000
10000 0.141
10000 1.000
10000 0.000
10000 0.000
10000 1.000
10000 1.000
10000 0.003
10000 0.035
10000 0.000
10000 1.000
10000 0.030
10000 1.000
10000 0.000
10000 1.000
10000 1.000
10000 1.000
10000 1.000
10000 0.000
10000 0.000
10000 1.000
10000 0.000
10000 1.000
10000 0.000
10000 1.000
10000 0.000
10000 0.000
10000 0.000
10000 1.000
10000 0.000
10000 0.000
10000 1.000
10000 1.000
10000 1.000
10000 1.000
10000 0.074
10000 1.000
10000 0.000
10000 0.000
10000 1.000
10000 0.000
10000 0.000
10000 1.000
10000 0.000
10000 0.082
10000 1.000
10000 0.003
10000 1.000
10000 0.000
10000 1.000
10000 0.000
10000 1.000
10000 1.000
10000 0.038
10000 1.000
10000 0.000
10000 1.000
10000 0.000
10000 0.000
10000 1.000
10000 0.000
10000 1.000
10000 1.000
10000 1.000
10000 1.000
10000 0.000
10000 1.000
10000 1.000
10000 1.000
10000 1.000
10000 0.000
10000 0.039
10000 0.000
10000 1.000
10000 1.000
10000 1.000
10000 0.001
10000 1.000
10000 1.000
10000 1.000
10000 1.000
10000 0.000
10000 0.035
10000 1.000
10000 1.000
10000 1.000
10000 0.000
10000 1.000
10000 0.003
10000 1.000
10000 1.000
10000 1.000
10000 1.000
10000 1.000
10000 0.000
10000 1.000
10000 0.000
10000 0.000
10000 1.000
10000 0.999
10000 0.000
10000 0.000
10000 1.000
10000 0.001
10000 1.000
10000 0.000
10000 0.052
10000 1.000
10000 0.000
10000 0.000
10000 0.029
10000 1.000
10000 1.000
10000 0.000
10000 0.000
10000 0.006
10000 0.000
10000 1.000
10000 0.000
10000 1.000
10000 1.000
10000 1.000
10000 1.000
10000 0.000
10000 0.114
10000 1.000
10000 1.000
10000 1.000
10000 0.103
10000 0.000
10000 0.055
10000 1.000
10000 1.000
10000 1.000
10000 1.000
10000 0.000
10000 0.000
10000 1.000
10000 0.000
10000 1.000
10000 1.000
10000 0.000
10000 1.000
10000 0.004
10000 0.000
10000 1.000
10000 0.002
10000 0.095
10000 1.000
10000 1.000
10000 0.000
10000 0.000
10000 0.146
10000 1.000
10000 1.000
10000 0.000
10000 1.000
10000 0.000
10000 0.000
10000 1.000
10000 0.000
10000 1.000
10000 1.000
10000 0.113
10000 1.000
10000 1.000
10000 0.000
10000 1.000
10000 0.000
10000 1.000
10000 1.000
10000 1.000
10000 1.000
10000 1.000
10000 0.000
10000 1.000
10000 0.002
10000 1.000
10000 0.000
10000 0.000
10000 0.019
10000 0.000
10000 1.000
10000 1.000
10000 1.000
10000 0.000
10000 1.000
10000 0.000
10000 1.000
10000 1.000
10000 0.023
10000 1.000
10000 0.000
10000 1.000
10000 0.164
10000 1.000
10000 0.999
10000 0.000
10000 1.000
10000 0.000
10000 1.000
10000 0.001
10000 1.000
10000 0.058
10000 0.000
10000 1.000
10000 1.000
10000 0.000
10000 1.000
10000 0.000
10000 1.000
10000 1.000
10000 1.000
10000 0.000
10000 0.001
10000 1.000
10000 0.000
10000 1.000
10000 0.000
10000 1.000
10000 1.000
10000 1.000
10000 1.000
10000 0.000
10000 1.000
10000 0.062
10000 0.044
10000 0.002
10000 0.000
10000 0.000
10000 0.000
10000 0.141
10000 1.000
10000 1.000
10000 0.032
10000 0.000
10000 0.012
10000 0.000
10000 1.000
10000 0.019
10000 0.000
10000 1.000
10000 0.001
10000 1.000
10000 0.000
10000 0.016
10000 0.000
10000 0.000
10000 1.000
10000 0.060
10000 1.000
10000 0.000
10000 1.000
10000 1.000
10000 0.106
10000 1.000
10000 1.000
10000 1.000
10000 1.000
10000 0.018
10000 1.000
10000 0.000
10000 0.104
10000 1.000
10000 1.000
10000 0.000
10000 0.001
10000 1.000
10000 0.000
10000 0.000
10000 0.000
10000 0.000
10000 1.000
10000 1.000
10000 1.000
10000 0.003
10000 1.000
10000 1.000
10000 0.000
10000 1.000
10000 1.000
10000 0.001
10000 1.000
10000 1.000
10000 1.000
10000 0.000
10000 1.000
10000 1.000
10000 0.027
10000 1.000
10000 1.000
10000 1.000
10000 1.000
10000 1.000
10000 1.000
10000 0.000
10000 1.000
10000 1.000
10000 1.000
10000 0.000
10000 0.050
10000 1.000
10000 1.000
10000 0.553
10000 0.004
10000 1.000
10000 1.000
10000 1.000
10000 1.000
10000 0.000
10000 1.000
10000 0.000
10000 0.000
10000 1.000
10000 1.000
10000 1.000
10000 0.000
10000 0.000
10000 1.000
10000 0.000
10000 0.000
10000 1.000
10000 1.000
10000 1.000
10000 1.000
10000 1.000
10000 0.000
10000 0.000
10000 0.001
10000 1.000
10000 0.025
10000 1.000
10000 1.000
10000 0.007
10000 1.000
10000 0.000
10000 1.000
10000 1.000
10000 0.000
10000 0.000
10000 0.000
10000 1.000
10000 1.000
10000 0.031
10000 0.002
10000 0.000
10000 0.000
10000 1.000
10000 1.000
10000 1.000
10000 0.002
10000 0.000
10000 0.000
10000 1.000
10000 0.000
10000 1.000
10000 1.000
10000 1.000
10000 0.001
10000 1.000
10000 1.000
10000 1.000
10000 0.118
10000 0.000
10000 1.000
10000 0.001
10000 1.000
10000 0.000
10000 1.000
10000 1.000
10000 0.055
10000 1.000
10000 0.000
10000 0.000
10000 0.000
10000 1.000
10000 1.000
10000 1.000
10000 1.000
10000 1.000
10000 0.000
10000 1.000
10000 1.000
10000 0.111
10000 0.000
10000 1.000
10000 0.001
10000 0.000
10000 0.000
10000 1.000
10000 1.000
10000 0.007
10000 0.000
10000 0.000
10000 1.000
10000 1.000
10000 0.000
10000 1.000
10000 1.000
10000 1.000
10000 1.000
10000 0.000
10000 0.075
10000 1.000
10000 0.000
10000 1.000
10000 0.001
10000 0.065
10000 0.000
10000 0.040
10000 1.000
10000 1.000
10000 1.000
10000 1.000
10000 1.000
10000 1.000
10000 0.059
10000 0.002
10000 1.000
10000 1.000
10000 1.000
10000 0.000
10000 1.000
10000 0.000
10000 1.000
10000 0.000
10000 1.000
10000 1.000
10000 0.000
10000 1.000
10000 1.000
10000 0.013
10000 1.000
10000 1.000
10000 0.041
10000 1.000
10000 1.000
10000 0.019
10000 1.000
10000 0.133
10000 1.000
10000 1.000
10000 1.000
10000 0.073
10000 0.000
10000 1.000
10000 1.000
10000 1.000
10000 0.000
10000 0.000
10000 1.000
10000 0.000
10000 1.000
10000 1.000
10000 1.000
10000 1.000
10000 0.000
10000 0.000
10000 1.000
10000 1.000
10000 0.000
10000 1.000
10000 0.049
10000 1.000
10000 0.074
10000 1.000
10000 1.000
10000 0.000
10000 1.000
10000 1.000
10000 0.012
10000 1.000
10000 1.000
10000 1.000
10000 0.027
10000 1.000
10000 0.000
10000 0.001
10000 0.000
10000 1.000
10000 1.000
10000 0.056
10000 0.001
10000 0.015
10000 1.000
10000 1.000
10000 1.000
10000 1.000
10000 1.000
10000 0.004
10000 1.000
10000 1.000
10000 0.000
10000 1.000
10000 1.000
10000 1.000
10000 1.000
10000 1.000
10000 1.000
10000 1.000
10000 1.000
10000 0.000
10000 1.000
10000 0.000
10000 0.011
10000 0.000
10000 0.071
10000 1.000
10000 0.000
10000 0.000
10000 1.000
10000 0.000
10000 1.000
10000 1.000
10000 0.001
10000 0.006
10000 0.000
10000 0.077
10000 0.000
10000 0.000
10000 1.000
10000 1.000
10000 1.000
